4.678111587982832636e-02 2.227753934191702423e-01 3.186266094420600603e-01 2.913876967095851422e-01 2.418311874105865678e-01 2.208869814020028577e-01 1.716165951359084341e-01 1.967668097281831396e-01 3.064949928469241636e-01 3.540772532188841137e-01 3.888125894134478178e-01 3.707296137339056163e-01 4.458082975679542037e-01 4.814306151645207366e-01 5.460085836909871482e-01 5.457224606580829418e-01 4.971673819742489231e-01 5.504434907010014033e-01 6.419456366237481504e-01 6.573676680972818653e-01 6.517596566523605750e-01 7.170243204577968488e-01 7.429756795422031157e-01 7.137625178826895178e-01 7.167095851216023217e-01 7.288984263233190264e-01 6.850643776824034692e-01 5.989699570815451013e-01 2.124177396280400587e-01 0.000000000000000000e+00 0.000000000000000000e+00 0.000000000000000000e+00 0.000000000000000000e+00 0.000000000000000000e+00 0.000000000000000000e+00 0.000000000000000000e+00 0.000000000000000000e+00 0.000000000000000000e+00 0.000000000000000000e+00 0.000000000000000000e+00 0.000000000000000000e+00 0.000000000000000000e+00 0.000000000000000000e+00 0.000000000000000000e+00 0.000000000000000000e+00 0.000000000000000000e+00 0.000000000000000000e+00 0.000000000000000000e+00 0.000000000000000000e+00 0.000000000000000000e+00 0.000000000000000000e+00 0.000000000000000000e+00 5.972507180960195949e-01 7.093078922172070255e-01 8.049856380796059918e-01 7.747230201066884758e-01 5.828887977020926758e-01 3.447202845028040086e-01 2.193954315415127809e-01 3.195869238134317891e-01 4.304472712351251062e-01 3.585008890712624852e-01 4.023389413212966059e-01 4.621118861988784410e-01 4.002188483107645967e-01 3.659554096566817183e-01 4.315073177403911941e-01 4.965804951443030801e-01 3.833264943236219247e-01 3.649637532485295877e-01 4.889549993160990371e-01 5.029065791273423791e-01 3.967309533579537750e-01 4.816714539734646139e-01 5.712966762412802213e-01 5.533442757488715724e-01 5.047189167008616639e-01 3.446518944056900513e-01 1.061072356722746607e-01 2.831350020517028887e-02 6.250854876213923772e-02 0.000000000000000000e+00 0.000000000000000000e+00 0.000000000000000000e+00 0.000000000000000000e+00 0.000000000000000000e+00 0.000000000000000000e+00 0.000000000000000000e+00 0.000000000000000000e+00 0.000000000000000000e+00 0.000000000000000000e+00 0.000000000000000000e+00 0.000000000000000000e+00 0.000000000000000000e+00 0.000000000000000000e+00 0.000000000000000000e+00 0.000000000000000000e+00 0.000000000000000000e+00 0.000000000000000000e+00 0.000000000000000000e+00 0.000000000000000000e+00 0.000000000000000000e+00 0.000000000000000000e+00 0.000000000000000000e+00 7.975308641975308310e-01 8.938271604938271553e-01 8.728395061728394522e-01 8.530864197530864113e-01 8.469135802469135443e-01 8.395061728395061262e-01 8.197530864197530853e-01 7.925925925925926263e-01 7.802469135802468925e-01 7.864197530864197594e-01 8.012345679012345956e-01 8.148148148148147696e-01 8.296296296296296058e-01 8.296296296296296058e-01 8.370370370370370239e-01 8.469135802469135443e-01 8.518518518518518601e-01 8.444444444444444420e-01 8.395061728395061262e-01 8.493827160493827577e-01 8.580246913580247270e-01 8.753086419753086656e-01 8.827160493827160836e-01 8.987654320987654710e-01 9.074074074074074403e-01 9.037037037037036757e-01 8.925925925925926041e-01 8.802469135802468703e-01 3.530864197530864113e-01 0.000000000000000000e+00 0.000000000000000000e+00 0.000000000000000000e+00 0.000000000000000000e+00 0.000000000000000000e+00 0.000000000000000000e+00 0.000000000000000000e+00 0.000000000000000000e+00 0.000000000000000000e+00 0.000000000000000000e+00 0.000000000000000000e+00 0.000000000000000000e+00 0.000000000000000000e+00 0.000000000000000000e+00 0.000000000000000000e+00 0.000000000000000000e+00 0.000000000000000000e+00 0.000000000000000000e+00 0.000000000000000000e+00 0.000000000000000000e+00 0.000000000000000000e+00 0.000000000000000000e+00 0.000000000000000000e+00 4.950248756218905699e-01 4.800995024875621686e-01 5.422885572139303223e-01 5.970149253731342753e-01 6.393034825870647087e-01 6.567164179104477695e-01 6.840796019900498015e-01 6.965174129353234322e-01 6.915422885572138911e-01 6.865671641791044610e-01 6.990049751243780918e-01 7.089552238805970630e-01 6.890547263681592316e-01 6.965174129353234322e-01 7.089552238805970630e-01 7.164179104477611526e-01 7.213930348258706937e-01 7.213930348258706937e-01 7.213930348258706937e-01 7.313432835820895539e-01 7.462686567164179552e-01 7.338308457711443245e-01 7.363184079601989840e-01 7.263681592039801238e-01 7.213930348258706937e-01 7.288557213930347833e-01 7.537313432835820448e-01 7.810945273631840768e-01 3.134328358208955390e-01 0.000000000000000000e+00 0.000000000000000000e+00 0.000000000000000000e+00 0.000000000000000000e+00 0.000000000000000000e+00 0.000000000000000000e+00 0.000000000000000000e+00 0.000000000000000000e+00 0.000000000000000000e+00 0.000000000000000000e+00 0.000000000000000000e+00 0.000000000000000000e+00 0.000000000000000000e+00 0.000000000000000000e+00 0.000000000000000000e+00 0.000000000000000000e+00 0.000000000000000000e+00 0.000000000000000000e+00 0.000000000000000000e+00 0.000000000000000000e+00 0.000000000000000000e+00 0.000000000000000000e+00 0.000000000000000000e+00 3.840334461477205030e-01 3.685048775632092100e-01 3.436193509854668093e-01 3.495918773641250032e-01 4.375870993430220901e-01 5.329484371889309235e-01 5.849094166832570219e-01 2.014732231734023549e-01 4.049372884730240707e-01 4.696396575751543012e-01 5.841130798327691664e-01 6.020306589687437482e-01 2.916583714911407665e-01 4.943260999402747657e-01 5.255823213219191770e-01 5.687835954608798650e-01 6.424447541309973309e-01 6.924148914991041792e-01 6.490145331475213331e-01 6.537925542504479104e-01 6.790762492534342387e-01 6.527971331873382299e-01 6.251244276328886684e-01 6.255225960581325406e-01 6.625522596058133207e-01 6.862432809078239382e-01 7.459685446944056553e-01 7.141150706748954358e-01 2.283495918773641165e-01 0.000000000000000000e+00 0.000000000000000000e+00 0.000000000000000000e+00 0.000000000000000000e+00 0.000000000000000000e+00 0.000000000000000000e+00 0.000000000000000000e+00 0.000000000000000000e+00 0.000000000000000000e+00 0.000000000000000000e+00 0.000000000000000000e+00 0.000000000000000000e+00 0.000000000000000000e+00 0.000000000000000000e+00 0.000000000000000000e+00 0.000000000000000000e+00 0.000000000000000000e+00 0.000000000000000000e+00 0.000000000000000000e+00 0.000000000000000000e+00 0.000000000000000000e+00 0.000000000000000000e+00 0.000000000000000000e+00
5.064377682403433355e-03 9.565092989985694849e-02 3.331044349070100274e-01 4.114163090128755695e-01 3.537052932761087232e-01 2.978826895565092614e-01 2.325608011444921241e-01 2.485264663805436536e-01 3.248068669527897079e-01 3.847782546494992739e-01 4.422603719599427774e-01 4.545064377682403456e-01 4.086409155937053006e-01 4.297854077253218663e-01 4.972818311874105945e-01 5.372818311874105746e-01 5.528469241773963372e-01 6.165379113018598645e-01 6.205150214592274338e-01 6.031187410586552611e-01 5.846065808297568056e-01 5.517596566523604862e-01 5.526466380543634260e-01 6.370243204577968887e-01 6.992846924177396062e-01 7.126180257510729144e-01 7.072389127324749669e-01 7.125321888412017302e-01 7.375965665236051683e-01 7.812303290414878143e-01 7.746494992846923999e-01 7.794277539341917249e-01 7.505579399141630859e-01 6.686695278969957412e-01 5.106723891273247107e-01 0.000000000000000000e+00 0.000000000000000000e+00 0.000000000000000000e+00 0.000000000000000000e+00 0.000000000000000000e+00 0.000000000000000000e+00 0.000000000000000000e+00 0.000000000000000000e+00 0.000000000000000000e+00 0.000000000000000000e+00 0.000000000000000000e+00 0.000000000000000000e+00 0.000000000000000000e+00 0.000000000000000000e+00 0.000000000000000000e+00 0.000000000000000000e+00 0.000000000000000000e+00 5.770072493502941269e-01 5.575160716728218002e-01 6.555874709342087714e-01 7.066406784297633026e-01 5.769730543017370650e-01 2.911708384625906199e-01 1.033032416906032036e-01 1.492613869511694724e-01 2.756462864177267047e-01 2.421351388318971343e-01 2.443578169881001350e-01 3.432498974148542881e-01 2.566338394200519679e-01 2.569415948570646924e-01 3.459513062508549064e-01 3.218096019696348176e-01 2.914785938996033443e-01 3.347353303241690226e-01 3.740938312132403021e-01 3.929011079195732226e-01 3.903706743263575252e-01 3.347011352756120717e-01 2.538640404869375033e-01 2.794761318561072017e-01 3.579879633429079444e-01 4.156066201614006528e-01 4.436123649295581894e-01 4.033989878265626938e-01 3.535084119819449922e-01 4.429284639584187833e-01 4.678224593078921800e-01 3.219805772124196275e-01 9.304472712351251340e-02 1.798659554096566915e-02 1.049104089727807415e-01 0.000000000000000000e+00 0.000000000000000000e+00 0.000000000000000000e+00 0.000000000000000000e+00 0.000000000000000000e+00 0.000000000000000000e+00 0.000000000000000000e+00 0.000000000000000000e+00 0.000000000000000000e+00 0.000000000000000000e+00 0.000000000000000000e+00 0.000000000000000000e+00 0.000000000000000000e+00 0.000000000000000000e+00 0.000000000000000000e+00 0.000000000000000000e+00 0.000000000000000000e+00 8.185185185185185341e-01 8.061728395061728003e-01 8.086419753086420137e-01 8.185185185185185341e-01 8.333333333333333703e-01 8.345679012345679215e-01 8.259259259259259522e-01 8.012345679012345956e-01 7.962962962962962798e-01 7.962962962962962798e-01 7.962962962962962798e-01 8.098765432098765649e-01 8.098765432098765649e-01 8.098765432098765649e-01 8.148148148148147696e-01 8.148148148148147696e-01 8.333333333333333703e-01 8.444444444444444420e-01 8.493827160493827577e-01 8.604938271604938294e-01 8.629629629629629317e-01 8.567901234567901758e-01 8.444444444444444420e-01 8.382716049382715751e-01 8.419753086419753396e-01 8.469135802469135443e-01 8.604938271604938294e-01 8.691358024691357986e-01 8.753086419753086656e-01 8.814814814814815325e-01 8.876543209876542884e-01 9.049382716049382269e-01 9.037037037037036757e-01 8.938271604938271553e-01 7.061728395061728225e-01 0.000000000000000000e+00 0.000000000000000000e+00 0.000000000000000000e+00 0.000000000000000000e+00 0.000000000000000000e+00 0.000000000000000000e+00 0.000000000000000000e+00 0.000000000000000000e+00 0.000000000000000000e+00 0.000000000000000000e+00 0.000000000000000000e+00 0.000000000000000000e+00 0.000000000000000000e+00 0.000000000000000000e+00 0.000000000000000000e+00 0.000000000000000000e+00 0.000000000000000000e+00 5.721393034825870139e-01 5.895522388059701857e-01 5.995024875621890459e-01 6.119402985074626766e-01 6.094527363184079061e-01 6.169154228855721067e-01 6.393034825870647087e-01 6.567164179104477695e-01 6.592039800995025400e-01 6.592039800995025400e-01 6.815920398009950310e-01 6.840796019900498015e-01 6.940298507462686617e-01 6.940298507462686617e-01 6.840796019900498015e-01 6.840796019900498015e-01 6.865671641791044610e-01 6.890547263681592316e-01 7.064676616915422924e-01 7.139303482587064931e-01 7.189054726368159232e-01 7.089552238805970630e-01 7.014925373134328623e-01 6.940298507462686617e-01 7.039800995024875219e-01 7.164179104477611526e-01 7.039800995024875219e-01 6.965174129353234322e-01 6.965174129353234322e-01 7.064676616915422924e-01 7.114427860696517225e-01 7.164179104477611526e-01 7.213930348258706937e-01 7.363184079601989840e-01 5.920398009950248452e-01 0.000000000000000000e+00 0.000000000000000000e+00 0.000000000000000000e+00 0.000000000000000000e+00 0.000000000000000000e+00 0.000000000000000000e+00 0.000000000000000000e+00 0.000000000000000000e+00 0.000000000000000000e+00 0.000000000000000000e+00 0.000000000000000000e+00 0.000000000000000000e+00 0.000000000000000000e+00 0.000000000000000000e+00 0.000000000000000000e+00 0.000000000000000000e+00 0.000000000000000000e+00 3.780609197690623091e-01 5.172207843917977499e-01 5.309575950627114516e-01 4.662552259605812766e-01 5.004977105315548958e-01 6.020306589687437482e-01 5.928727851881345767e-01 1.425442962373083544e-01 4.099143937885725841e-01 5.154290264782002140e-01 5.239896476209435772e-01 6.496117857853872524e-01 6.285088592474616931e-01 4.594863627314353938e-01 4.776030260800318561e-01 5.520605216006371219e-01 6.143738801513040082e-01 6.089986064105116226e-01 6.149711327891697055e-01 5.793350587298427001e-01 5.379255425044793260e-01 5.602229743181365018e-01 6.458291857455703555e-01 6.195500696794743467e-01 5.586303006171611241e-01 4.722277523392394705e-01 5.325502687636870514e-01 5.602229743181365018e-01 5.861039219589886384e-01 5.353374477403941567e-01 5.737607007764283784e-01 5.968544694405734097e-01 6.243280907824010351e-01 6.205454907425840272e-01 5.200079633685048552e-01 0.000000000000000000e+00 0.000000000000000000e+00 0.000000000000000000e+00 0.000000000000000000e+00 0.000000000000000000e+00 0.000000000000000000e+00 0.000000000000000000e+00 0.000000000000000000e+00 0.000000000000000000e+00 0.000000000000000000e+00 0.000000000000000000e+00 0.000000000000000000e+00 0.000000000000000000e+00 0.000000000000000000e+00 0.000000000000000000e+00 0.000000000000000000e+00 0.000000000000000000e+00
2.288984263233190264e-02 1.447496423462088511e-01 3.021459227467810926e-01 3.012875536480686955e-01 2.428898426323319037e-01 2.490701001430615236e-01 2.000286123032904151e-01 1.754506437768240390e-01 3.230329041487839947e-01 3.571101573676680463e-01 3.984835479256080282e-01 3.853505007153075756e-01 3.791988555078683598e-01 4.575965665236051416e-01 5.187982832618025508e-01 4.971101573676681151e-01 4.605436337625178345e-01 5.336766809728182848e-01 6.357367668097282376e-01 6.250357653791129842e-01 6.394563662374821433e-01 7.221173104434907009e-01 7.445779685264664050e-01 7.341058655221744944e-01 7.399713876967095594e-01 7.598569384835478502e-01 7.250929899856938254e-01 6.264949928469241147e-01 6.322174535050071320e-01 0.000000000000000000e+00 0.000000000000000000e+00 0.000000000000000000e+00 0.000000000000000000e+00 0.000000000000000000e+00 0.000000000000000000e+00 0.000000000000000000e+00 0.000000000000000000e+00 0.000000000000000000e+00 0.000000000000000000e+00 0.000000000000000000e+00 0.000000000000000000e+00 0.000000000000000000e+00 0.000000000000000000e+00 0.000000000000000000e+00 0.000000000000000000e+00 0.000000000000000000e+00 0.000000000000000000e+00 0.000000000000000000e+00 0.000000000000000000e+00 0.000000000000000000e+00 0.000000000000000000e+00 0.000000000000000000e+00 6.259745588838735442e-01 7.011694706606482752e-01 8.170222951716591409e-01 8.282040760497879628e-01 7.109150594993844940e-01 4.319176583230747712e-01 2.122486663931063000e-01 2.434345506770619338e-01 4.237450417179592366e-01 3.311106551771303419e-01 3.446860894542470022e-01 4.478867459991792699e-01 3.922855970455478292e-01 3.363424976063466021e-01 4.206332922992750412e-01 4.525030775543700812e-01 3.325126521679660496e-01 3.478662289700450994e-01 4.845096430036930912e-01 4.381411571604431621e-01 3.600396662563261074e-01 5.063602790315961943e-01 5.970113527561209388e-01 5.730064286691286535e-01 4.735330324169059746e-01 2.583777868964574065e-01 7.095472575571057372e-02 1.617425796744631147e-02 1.610586787033237433e-01 0.000000000000000000e+00 0.000000000000000000e+00 0.000000000000000000e+00 0.000000000000000000e+00 0.000000000000000000e+00 0.000000000000000000e+00 0.000000000000000000e+00 0.000000000000000000e+00 0.000000000000000000e+00 0.000000000000000000e+00 0.000000000000000000e+00 0.000000000000000000e+00 0.000000000000000000e+00 0.000000000000000000e+00 0.000000000000000000e+00 0.000000000000000000e+00 0.000000000000000000e+00 0.000000000000000000e+00 0.000000000000000000e+00 0.000000000000000000e+00 0.000000000000000000e+00 0.000000000000000000e+00 0.000000000000000000e+00 7.432098765432099130e-01 7.185185185185185563e-01 7.567901234567900870e-01 8.086419753086420137e-01 8.456790123456789932e-01 8.469135802469135443e-01 8.271604938271605034e-01 8.061728395061728003e-01 8.049382716049382491e-01 8.185185185185185341e-01 8.185185185185185341e-01 8.123456790123456672e-01 8.246913580246914011e-01 8.469135802469135443e-01 8.444444444444444420e-01 8.469135802469135443e-01 8.580246913580247270e-01 8.555555555555555136e-01 8.580246913580247270e-01 8.629629629629629317e-01 8.740740740740741144e-01 8.790123456790123191e-01 8.888888888888888395e-01 9.135802469135801962e-01 9.246913580246913789e-01 9.222222222222222765e-01 9.086419753086419915e-01 8.654320987654321451e-01 8.543209876543209624e-01 0.000000000000000000e+00 0.000000000000000000e+00 0.000000000000000000e+00 0.000000000000000000e+00 0.000000000000000000e+00 0.000000000000000000e+00 0.000000000000000000e+00 0.000000000000000000e+00 0.000000000000000000e+00 0.000000000000000000e+00 0.000000000000000000e+00 0.000000000000000000e+00 0.000000000000000000e+00 0.000000000000000000e+00 0.000000000000000000e+00 0.000000000000000000e+00 0.000000000000000000e+00 0.000000000000000000e+00 0.000000000000000000e+00 0.000000000000000000e+00 0.000000000000000000e+00 0.000000000000000000e+00 0.000000000000000000e+00 5.771144278606965550e-01 5.497512437810945229e-01 5.870646766169154152e-01 6.119402985074626766e-01 6.119402985074626766e-01 6.169154228855721067e-01 6.393034825870647087e-01 6.741293532338308303e-01 6.716417910447761708e-01 6.716417910447761708e-01 6.815920398009950310e-01 6.840796019900498015e-01 6.766169154228856009e-01 6.791044776119402604e-01 6.915422885572138911e-01 7.039800995024875219e-01 6.965174129353234322e-01 7.014925373134328623e-01 7.089552238805970630e-01 7.189054726368159232e-01 7.213930348258706937e-01 7.263681592039801238e-01 7.263681592039801238e-01 7.213930348258706937e-01 7.114427860696517225e-01 7.263681592039801238e-01 7.562189054726368154e-01 7.985074626865671377e-01 8.084577114427861089e-01 0.000000000000000000e+00 0.000000000000000000e+00 0.000000000000000000e+00 0.000000000000000000e+00 0.000000000000000000e+00 0.000000000000000000e+00 0.000000000000000000e+00 0.000000000000000000e+00 0.000000000000000000e+00 0.000000000000000000e+00 0.000000000000000000e+00 0.000000000000000000e+00 0.000000000000000000e+00 0.000000000000000000e+00 0.000000000000000000e+00 0.000000000000000000e+00 0.000000000000000000e+00 0.000000000000000000e+00 0.000000000000000000e+00 0.000000000000000000e+00 0.000000000000000000e+00 0.000000000000000000e+00 0.000000000000000000e+00 2.739398765677881764e-01 3.975711726060123241e-01 3.816444355962571588e-01 2.980290662950427771e-01 3.780609197690623091e-01 4.445550467847899645e-01 5.219988054947242162e-01 3.139558033047978869e-01 3.575552458690025581e-01 5.271749950228946657e-01 6.199482381047182189e-01 6.494127015727652052e-01 4.097153095759506480e-01 5.524586900258808830e-01 4.734222576149711426e-01 5.628110690822217821e-01 6.119848695998406640e-01 6.342823014134979509e-01 6.225363328688034992e-01 6.999800915787378619e-01 6.816643440175192969e-01 6.388612383038024811e-01 6.374676488154489284e-01 6.312960382241689095e-01 6.448337646824606750e-01 6.523989647620943577e-01 7.009755126418475424e-01 7.165040812263586689e-01 5.484770057734421611e-01 0.000000000000000000e+00 0.000000000000000000e+00 0.000000000000000000e+00 0.000000000000000000e+00 0.000000000000000000e+00 0.000000000000000000e+00 0.000000000000000000e+00 0.000000000000000000e+00 0.000000000000000000e+00 0.000000000000000000e+00 0.000000000000000000e+00 0.000000000000000000e+00 0.000000000000000000e+00 0.000000000000000000e+00 0.000000000000000000e+00 0.000000000000000000e+00 0.000000000000000000e+00 0.000000000000000000e+00 0.000000000000000000e+00 0.000000000000000000e+00 0.000000000000000000e+00 0.000000000000000000e+00 0.000000000000000000e+00
2.097281831187410364e-02 3.133047210300429070e-02 2.163090128755364716e-01 3.234620886981401933e-01 2.371673819742489142e-01 1.816881258941344668e-01 1.514449213161659369e-01 2.112446351931330235e-01 2.664949928469241835e-01 3.179399141630901426e-01 3.363662374821173029e-01 2.848354792560801041e-01 4.075536480686695606e-01 4.828612303290414354e-01 4.622889842632332269e-01 4.267811158798283100e-01 5.115021459227467870e-01 5.987410586552217584e-01 5.902432045779685277e-01 6.116452074391988125e-01 6.762231759656652796e-01 6.768526466380543338e-01 6.707010014306151735e-01 6.688412017167382206e-01 5.665808297567954677e-01 5.421459227467810837e-01 0.000000000000000000e+00 0.000000000000000000e+00 0.000000000000000000e+00 0.000000000000000000e+00 0.000000000000000000e+00 0.000000000000000000e+00 0.000000000000000000e+00 0.000000000000000000e+00 0.000000000000000000e+00 0.000000000000000000e+00 0.000000000000000000e+00 0.000000000000000000e+00 0.000000000000000000e+00 0.000000000000000000e+00 0.000000000000000000e+00 0.000000000000000000e+00 0.000000000000000000e+00 0.000000000000000000e+00 0.000000000000000000e+00 0.000000000000000000e+00 0.000000000000000000e+00 0.000000000000000000e+00 0.000000000000000000e+00 0.000000000000000000e+00 0.000000000000000000e+00 0.000000000000000000e+00 5.610039666256325663e-01 5.339214881685132585e-01 6.599644371495007045e-01 7.437765011626316092e-01 6.539119135549171791e-01 4.368759403638352579e-01 1.809601969634797025e-01 3.017713035152509993e-01 2.699699083572698610e-01 2.577964710709889085e-01 3.700930105320749397e-01 3.242374504171796068e-01 2.722267815620298403e-01 3.740938312132403021e-01 4.171453973464642750e-01 2.780399398167145431e-01 2.987621392422377120e-01 4.429968540555327405e-01 3.864724387908630709e-01 3.044727123512515066e-01 4.564013130898645909e-01 5.180207905895226617e-01 3.811380112159759026e-01 1.477226097661058501e-01 1.162631650936944358e-02 1.250854876213924327e-01 0.000000000000000000e+00 0.000000000000000000e+00 0.000000000000000000e+00 0.000000000000000000e+00 0.000000000000000000e+00 0.000000000000000000e+00 0.000000000000000000e+00 0.000000000000000000e+00 0.000000000000000000e+00 0.000000000000000000e+00 0.000000000000000000e+00 0.000000000000000000e+00 0.000000000000000000e+00 0.000000000000000000e+00 0.000000000000000000e+00 0.000000000000000000e+00 0.000000000000000000e+00 0.000000000000000000e+00 0.000000000000000000e+00 0.000000000000000000e+00 0.000000000000000000e+00 0.000000000000000000e+00 0.000000000000000000e+00 0.000000000000000000e+00 0.000000000000000000e+00 0.000000000000000000e+00 8.469135802469135443e-01 8.432098765432098908e-01 8.481481481481480955e-01 8.543209876543209624e-01 8.617283950617283805e-01 8.617283950617283805e-01 8.432098765432098908e-01 8.061728395061728003e-01 8.000000000000000444e-01 8.049382716049382491e-01 8.037037037037036979e-01 8.185185185185185341e-01 8.308641975308641570e-01 8.271604938271605034e-01 8.345679012345679215e-01 8.395061728395061262e-01 8.333333333333333703e-01 8.358024691358024727e-01 8.395061728395061262e-01 8.518518518518518601e-01 8.617283950617283805e-01 8.802469135802468703e-01 8.962962962962962576e-01 9.074074074074074403e-01 8.950617283950617065e-01 8.728395061728394522e-01 0.000000000000000000e+00 0.000000000000000000e+00 0.000000000000000000e+00 0.000000000000000000e+00 0.000000000000000000e+00 0.000000000000000000e+00 0.000000000000000000e+00 0.000000000000000000e+00 0.000000000000000000e+00 0.000000000000000000e+00 0.000000000000000000e+00 0.000000000000000000e+00 0.000000000000000000e+00 0.000000000000000000e+00 0.000000000000000000e+00 0.000000000000000000e+00 0.000000000000000000e+00 0.000000000000000000e+00 0.000000000000000000e+00 0.000000000000000000e+00 0.000000000000000000e+00 0.000000000000000000e+00 0.000000000000000000e+00 0.000000000000000000e+00 0.000000000000000000e+00 0.000000000000000000e+00 5.820895522388059851e-01 5.721393034825870139e-01 5.771144278606965550e-01 5.796019900497512145e-01 5.796019900497512145e-01 5.845771144278606446e-01 6.044776119402984760e-01 6.442786069651741387e-01 6.417910447761193682e-01 6.442786069651741387e-01 6.616915422885571996e-01 6.592039800995025400e-01 6.343283582089552786e-01 6.542288557213929989e-01 6.741293532338308303e-01 6.840796019900498015e-01 6.840796019900498015e-01 6.890547263681592316e-01 6.965174129353234322e-01 7.089552238805970630e-01 6.965174129353234322e-01 7.064676616915422924e-01 7.089552238805970630e-01 7.189054726368159232e-01 7.462686567164179552e-01 7.587064676616915859e-01 0.000000000000000000e+00 0.000000000000000000e+00 0.000000000000000000e+00 0.000000000000000000e+00 0.000000000000000000e+00 0.000000000000000000e+00 0.000000000000000000e+00 0.000000000000000000e+00 0.000000000000000000e+00 0.000000000000000000e+00 0.000000000000000000e+00 0.000000000000000000e+00 0.000000000000000000e+00 0.000000000000000000e+00 0.000000000000000000e+00 0.000000000000000000e+00 0.000000000000000000e+00 0.000000000000000000e+00 0.000000000000000000e+00 0.000000000000000000e+00 0.000000000000000000e+00 0.000000000000000000e+00 0.000000000000000000e+00 0.000000000000000000e+00 0.000000000000000000e+00 0.000000000000000000e+00 2.840931714115070283e-01 4.449532152100338367e-01 5.343420266772844762e-01 4.294246466255225436e-01 4.604817837945451298e-01 5.620147322317340377e-01 5.839139956201473414e-01 3.629305196097949437e-01 3.945849094166832272e-01 5.042803105713716816e-01 5.552458690025879884e-01 4.991041210432012321e-01 4.758112681664343757e-01 4.654588891100935877e-01 5.652000796336850152e-01 6.521998805494724216e-01 6.516026279116066133e-01 6.157674696396575609e-01 6.860441966952021131e-01 6.842524387816045772e-01 5.964563010153295375e-01 6.161656380649014331e-01 6.575751542902648072e-01 6.721083018116663643e-01 7.029663547680669033e-01 6.830579335058729606e-01 0.000000000000000000e+00 0.000000000000000000e+00 0.000000000000000000e+00 0.000000000000000000e+00 0.000000000000000000e+00 0.000000000000000000e+00 0.000000000000000000e+00 0.000000000000000000e+00 0.000000000000000000e+00 0.000000000000000000e+00 0.000000000000000000e+00 0.000000000000000000e+00 0.000000000000000000e+00 0.000000000000000000e+00 0.000000000000000000e+00 0.000000000000000000e+00 0.000000000000000000e+00 0.000000000000000000e+00 0.000000000000000000e+00 0.000000000000000000e+00 0.000000000000000000e+00 0.000000000000000000e+00 0.000000000000000000e+00 0.000000000000000000e+00 0.000000000000000000e+00 0.000000000000000000e+00
1.301859799713876893e-02 1.799713876967095824e-02 1.717024320457797015e-01 3.101287553648068851e-01 2.897281831187410450e-01 2.238912732474964140e-01 2.453218884120171583e-01 1.953361945636623853e-01 2.204864091559370631e-01 2.848068669527896724e-01 2.864091559370529061e-01 3.314449213161659857e-01 3.551359084406294775e-01 2.826895565092990004e-01 4.177396280400572093e-01 4.708440629470672101e-01 5.330472103004292306e-01 4.893562231759656656e-01 4.425464949928469283e-01 5.292703862660944614e-01 6.245207439198855459e-01 6.189413447782545763e-01 6.280972818311874040e-01 6.960228898426322752e-01 6.849213161659514215e-01 6.755364806866952510e-01 7.147639484978540736e-01 6.948497854077253510e-01 5.642060085836909655e-01 5.048354792560801885e-01 0.000000000000000000e+00 0.000000000000000000e+00 0.000000000000000000e+00 0.000000000000000000e+00 0.000000000000000000e+00 0.000000000000000000e+00 0.000000000000000000e+00 0.000000000000000000e+00 0.000000000000000000e+00 0.000000000000000000e+00 0.000000000000000000e+00 0.000000000000000000e+00 0.000000000000000000e+00 0.000000000000000000e+00 0.000000000000000000e+00 0.000000000000000000e+00 0.000000000000000000e+00 0.000000000000000000e+00 0.000000000000000000e+00 0.000000000000000000e+00 0.000000000000000000e+00 0.000000000000000000e+00 7.297907263028312608e-01 7.034263438654082545e-01 7.598139789358501206e-01 8.541923129530843983e-01 8.333333333333332593e-01 6.992203528929010758e-01 4.693270414443988514e-01 2.599165640815209732e-01 3.433182875119682453e-01 4.195732457940090088e-01 3.830529339351662066e-01 3.431131172206264290e-01 4.576665298864724396e-01 4.544863903706742869e-01 3.851388318971412650e-01 4.190261250170975171e-01 5.232526330187389219e-01 5.105320749555464221e-01 3.895841882095472108e-01 3.946450553959786056e-01 5.331008070031458823e-01 5.188756668034468778e-01 4.169402270551224032e-01 5.397004513746409549e-01 6.102106414991108618e-01 5.377855286554507064e-01 3.789153330597729297e-01 1.354465873341540172e-01 1.241280262617972842e-02 1.320954725755710546e-01 0.000000000000000000e+00 0.000000000000000000e+00 0.000000000000000000e+00 0.000000000000000000e+00 0.000000000000000000e+00 0.000000000000000000e+00 0.000000000000000000e+00 0.000000000000000000e+00 0.000000000000000000e+00 0.000000000000000000e+00 0.000000000000000000e+00 0.000000000000000000e+00 0.000000000000000000e+00 0.000000000000000000e+00 0.000000000000000000e+00 0.000000000000000000e+00 0.000000000000000000e+00 0.000000000000000000e+00 0.000000000000000000e+00 0.000000000000000000e+00 0.000000000000000000e+00 0.000000000000000000e+00 7.592592592592593004e-01 7.691358024691358208e-01 7.777777777777777901e-01 7.888888888888888618e-01 8.098765432098765649e-01 8.271604938271605034e-01 8.259259259259259522e-01 8.037037037037036979e-01 7.666666666666667185e-01 7.617283950617284027e-01 7.716049382716049232e-01 7.679012345679012697e-01 7.654320987654320563e-01 7.654320987654320563e-01 7.777777777777777901e-01 7.777777777777777901e-01 7.814814814814814437e-01 7.802469135802468925e-01 7.777777777777777901e-01 7.777777777777777901e-01 7.765432098765432389e-01 7.901234567901234129e-01 8.037037037037036979e-01 8.135802469135802184e-01 8.345679012345679215e-01 8.530864197530864113e-01 8.604938271604938294e-01 8.407407407407407884e-01 8.000000000000000444e-01 7.753086419753086878e-01 0.000000000000000000e+00 0.000000000000000000e+00 0.000000000000000000e+00 0.000000000000000000e+00 0.000000000000000000e+00 0.000000000000000000e+00 0.000000000000000000e+00 0.000000000000000000e+00 0.000000000000000000e+00 0.000000000000000000e+00 0.000000000000000000e+00 0.000000000000000000e+00 0.000000000000000000e+00 0.000000000000000000e+00 0.000000000000000000e+00 0.000000000000000000e+00 0.000000000000000000e+00 0.000000000000000000e+00 0.000000000000000000e+00 0.000000000000000000e+00 0.000000000000000000e+00 0.000000000000000000e+00 5.845771144278606446e-01 5.820895522388059851e-01 5.970149253731342753e-01 6.119402985074626766e-01 6.343283582089552786e-01 6.343283582089552786e-01 6.467661691542289093e-01 6.840796019900498015e-01 6.940298507462686617e-01 6.616915422885571996e-01 6.691542288557214002e-01 6.840796019900498015e-01 6.840796019900498015e-01 6.840796019900498015e-01 6.716417910447761708e-01 6.716417910447761708e-01 6.791044776119402604e-01 6.915422885572138911e-01 6.965174129353234322e-01 6.965174129353234322e-01 6.940298507462686617e-01 6.940298507462686617e-01 6.965174129353234322e-01 7.064676616915422924e-01 7.089552238805970630e-01 7.064676616915422924e-01 7.039800995024875219e-01 7.412935323383084141e-01 7.711442786069652167e-01 7.711442786069652167e-01 0.000000000000000000e+00 0.000000000000000000e+00 0.000000000000000000e+00 0.000000000000000000e+00 0.000000000000000000e+00 0.000000000000000000e+00 0.000000000000000000e+00 0.000000000000000000e+00 0.000000000000000000e+00 0.000000000000000000e+00 0.000000000000000000e+00 0.000000000000000000e+00 0.000000000000000000e+00 0.000000000000000000e+00 0.000000000000000000e+00 0.000000000000000000e+00 0.000000000000000000e+00 0.000000000000000000e+00 0.000000000000000000e+00 0.000000000000000000e+00 0.000000000000000000e+00 0.000000000000000000e+00 2.432809078240095457e-01 4.234521202468644052e-01 4.971132789169818711e-01 4.782002787178976644e-01 3.718893091777822346e-01 4.302209834760103435e-01 4.901453314752139967e-01 5.757515429026477394e-01 1.781803702966354708e-01 1.867409914393788339e-01 4.907425841130798050e-01 5.490742584113079694e-01 6.205454907425840272e-01 4.883535735616165718e-01 4.973123631296038072e-01 5.612183953812461823e-01 6.080031853474019421e-01 6.187537328289867133e-01 6.774835755524587499e-01 6.866414493330678104e-01 6.659366912203862343e-01 6.882341230340434102e-01 7.264582918574556958e-01 6.577742385028866323e-01 6.324905434999004150e-01 6.352777224766076314e-01 6.372685646028269923e-01 6.510053752737408050e-01 6.446346804698387389e-01 6.338841329882539677e-01 0.000000000000000000e+00 0.000000000000000000e+00 0.000000000000000000e+00 0.000000000000000000e+00 0.000000000000000000e+00 0.000000000000000000e+00 0.000000000000000000e+00 0.000000000000000000e+00 0.000000000000000000e+00 0.000000000000000000e+00 0.000000000000000000e+00 0.000000000000000000e+00 0.000000000000000000e+00 0.000000000000000000e+00 0.000000000000000000e+00 0.000000000000000000e+00 0.000000000000000000e+00 0.000000000000000000e+00 0.000000000000000000e+00 0.000000000000000000e+00 0.000000000000000000e+00 0.000000000000000000e+00
9.642346208869815097e-03 1.522746781115879855e-01 2.579971387696709528e-01 2.080400572246065838e-01 1.584549356223175776e-01 2.020314735336194711e-01 2.161945636623748279e-01 1.564520743919885493e-01 3.532761087267525246e-01 4.039771101573677026e-01 4.504434907010014255e-01 3.805436337625178744e-01 4.083547925608011497e-01 5.189985693848354620e-01 5.939914163090128651e-01 5.820886981402003668e-01 5.296995708154506044e-01 5.878111587982832731e-01 6.770815450643776767e-01 6.733619456366237710e-01 6.632045779685264986e-01 7.486123032904149488e-01 7.892989985693847910e-01 7.768812589413447434e-01 8.070672389127324653e-01 8.008583690987124415e-01 6.890128755364806068e-01 6.328183118741058655e-01 2.830329041487840147e-01 0.000000000000000000e+00 0.000000000000000000e+00 0.000000000000000000e+00 0.000000000000000000e+00 0.000000000000000000e+00 0.000000000000000000e+00 0.000000000000000000e+00 0.000000000000000000e+00 0.000000000000000000e+00 0.000000000000000000e+00 0.000000000000000000e+00 0.000000000000000000e+00 0.000000000000000000e+00 0.000000000000000000e+00 0.000000000000000000e+00 0.000000000000000000e+00 0.000000000000000000e+00 0.000000000000000000e+00 0.000000000000000000e+00 0.000000000000000000e+00 0.000000000000000000e+00 0.000000000000000000e+00 0.000000000000000000e+00 7.144371495007523221e-01 7.777321843797018186e-01 8.393516618793598338e-01 8.183559020653808913e-01 7.660716728217754623e-01 6.054575297496922470e-01 3.646901928600738696e-01 2.651484065107372334e-01 3.767952400492408649e-01 3.727944193680755025e-01 4.469634796881410965e-01 4.738407878539187545e-01 4.083230748187661741e-01 4.131103816167418508e-01 5.076254958282040430e-01 5.206880043769661626e-01 4.308918068663656897e-01 3.911913554917247904e-01 5.261592121460813010e-01 5.281767200109424021e-01 4.099986321980577109e-01 5.466762412802625981e-01 6.528176720010941958e-01 5.888729311995622995e-01 4.245315278347694954e-01 1.762070852140609767e-01 2.038024893995349363e-02 1.084324989741485418e-01 1.186568184926822533e-01 0.000000000000000000e+00 0.000000000000000000e+00 0.000000000000000000e+00 0.000000000000000000e+00 0.000000000000000000e+00 0.000000000000000000e+00 0.000000000000000000e+00 0.000000000000000000e+00 0.000000000000000000e+00 0.000000000000000000e+00 0.000000000000000000e+00 0.000000000000000000e+00 0.000000000000000000e+00 0.000000000000000000e+00 0.000000000000000000e+00 0.000000000000000000e+00 0.000000000000000000e+00 0.000000000000000000e+00 0.000000000000000000e+00 0.000000000000000000e+00 0.000000000000000000e+00 0.000000000000000000e+00 0.000000000000000000e+00 8.135802469135802184e-01 8.098765432098765649e-01 8.024691358024691468e-01 8.086419753086420137e-01 8.209876543209876365e-01 8.197530864197530853e-01 8.049382716049382491e-01 7.790123456790123413e-01 7.864197530864197594e-01 7.864197530864197594e-01 7.592592592592593004e-01 7.469135802469135665e-01 7.543209876543209846e-01 7.592592592592593004e-01 7.703703703703703720e-01 7.790123456790123413e-01 7.888888888888888618e-01 7.901234567901234129e-01 7.876543209876543106e-01 7.962962962962962798e-01 8.123456790123456672e-01 8.148148148148147696e-01 8.148148148148147696e-01 8.148148148148147696e-01 8.271604938271605034e-01 8.333333333333333703e-01 8.283950617283950546e-01 8.185185185185185341e-01 3.259259259259259522e-01 0.000000000000000000e+00 0.000000000000000000e+00 0.000000000000000000e+00 0.000000000000000000e+00 0.000000000000000000e+00 0.000000000000000000e+00 0.000000000000000000e+00 0.000000000000000000e+00 0.000000000000000000e+00 0.000000000000000000e+00 0.000000000000000000e+00 0.000000000000000000e+00 0.000000000000000000e+00 0.000000000000000000e+00 0.000000000000000000e+00 0.000000000000000000e+00 0.000000000000000000e+00 0.000000000000000000e+00 0.000000000000000000e+00 0.000000000000000000e+00 0.000000000000000000e+00 0.000000000000000000e+00 0.000000000000000000e+00 5.920398009950248452e-01 6.194029850746268773e-01 6.467661691542289093e-01 6.666666666666666297e-01 6.716417910447761708e-01 6.741293532338308303e-01 6.965174129353234322e-01 7.189054726368159232e-01 7.288557213930347833e-01 7.288557213930347833e-01 7.263681592039801238e-01 7.213930348258706937e-01 7.114427860696517225e-01 7.064676616915422924e-01 7.139303482587064931e-01 7.238805970149253532e-01 7.238805970149253532e-01 7.213930348258706937e-01 7.338308457711443245e-01 7.412935323383084141e-01 7.462686567164179552e-01 7.462686567164179552e-01 7.462686567164179552e-01 7.462686567164179552e-01 7.487562189054726147e-01 7.786069651741293063e-01 8.009950248756219082e-01 8.084577114427861089e-01 3.233830845771144546e-01 0.000000000000000000e+00 0.000000000000000000e+00 0.000000000000000000e+00 0.000000000000000000e+00 0.000000000000000000e+00 0.000000000000000000e+00 0.000000000000000000e+00 0.000000000000000000e+00 0.000000000000000000e+00 0.000000000000000000e+00 0.000000000000000000e+00 0.000000000000000000e+00 0.000000000000000000e+00 0.000000000000000000e+00 0.000000000000000000e+00 0.000000000000000000e+00 0.000000000000000000e+00 0.000000000000000000e+00 0.000000000000000000e+00 0.000000000000000000e+00 0.000000000000000000e+00 0.000000000000000000e+00 0.000000000000000000e+00 4.039418674099143902e-01 3.647222775233923686e-01 4.411706151702169953e-01 3.298825403145530522e-01 3.824407724467449587e-01 4.702369102130200540e-01 5.833167429822815331e-01 4.447541309974119006e-01 4.778021102926537922e-01 4.722277523392394705e-01 5.365319530161257733e-01 5.644037427831972709e-01 3.973720883933903880e-01 5.130400159267369808e-01 5.056739000597252343e-01 5.243878160461874494e-01 6.163647222775233692e-01 6.659366912203862343e-01 6.265180171212422211e-01 6.627513438184351457e-01 6.862432809078239382e-01 6.255225960581325406e-01 5.932709536133784489e-01 6.084013537726458143e-01 6.173601433406331607e-01 6.368703961775830091e-01 7.021700179175790479e-01 6.691220386223373229e-01 1.899263388413298947e-01 0.000000000000000000e+00 0.000000000000000000e+00 0.000000000000000000e+00 0.000000000000000000e+00 0.000000000000000000e+00 0.000000000000000000e+00 0.000000000000000000e+00 0.000000000000000000e+00 0.000000000000000000e+00 0.000000000000000000e+00 0.000000000000000000e+00 0.000000000000000000e+00 0.000000000000000000e+00 0.000000000000000000e+00 0.000000000000000000e+00 0.000000000000000000e+00 0.000000000000000000e+00 0.000000000000000000e+00 0.000000000000000000e+00 0.000000000000000000e+00 0.000000000000000000e+00 0.000000000000000000e+00 0.000000000000000000e+00
1.158798283261802502e-02 1.625464949928469294e-01 3.241201716738197347e-01 2.712160228898426451e-01 2.407153075822603683e-01 1.905579399141630881e-01 3.397424892703863053e-01 3.777396280400572293e-01 4.074105865522174574e-01 3.584835479256080482e-01 4.594277539341917183e-01 5.510729613733905685e-01 5.791988555078683154e-01 5.292703862660944614e-01 5.666952789699570836e-01 6.968812589413447833e-01 7.122746781115879555e-01 7.226609442060085708e-01 7.994849785407724951e-01 7.915307582260372454e-01 8.175107296137338331e-01 8.614020028612302537e-01 7.719599427753933707e-01 6.191130185979971667e-01 5.228040057224606629e-01 0.000000000000000000e+00 0.000000000000000000e+00 0.000000000000000000e+00 0.000000000000000000e+00 0.000000000000000000e+00 0.000000000000000000e+00 0.000000000000000000e+00 0.000000000000000000e+00 0.000000000000000000e+00 0.000000000000000000e+00 0.000000000000000000e+00 0.000000000000000000e+00 0.000000000000000000e+00 0.000000000000000000e+00 0.000000000000000000e+00 0.000000000000000000e+00 0.000000000000000000e+00 0.000000000000000000e+00 0.000000000000000000e+00 0.000000000000000000e+00 0.000000000000000000e+00 0.000000000000000000e+00 0.000000000000000000e+00 0.000000000000000000e+00 0.000000000000000000e+00 0.000000000000000000e+00 0.000000000000000000e+00 8.286486116810286573e-01 9.344822869648474750e-01 1.000000000000000000e+00 8.667077007249349707e-01 6.171180413076186033e-01 4.711393790179181917e-01 6.059020653809328305e-01 5.207221994255231134e-01 6.279578717001778054e-01 6.448844207358774838e-01 5.647312269183422107e-01 5.925318013951579310e-01 6.800369306524415292e-01 5.829571877992066886e-01 5.181917658323075271e-01 6.748050882232252690e-01 6.523047462727397106e-01 5.689714129394063402e-01 7.201477226097661166e-01 7.518465326220762357e-01 6.065517713035152303e-01 3.491998358637669053e-01 9.861852003829844893e-02 1.295992340309123220e-02 1.532622076323348348e-01 0.000000000000000000e+00 0.000000000000000000e+00 0.000000000000000000e+00 0.000000000000000000e+00 0.000000000000000000e+00 0.000000000000000000e+00 0.000000000000000000e+00 0.000000000000000000e+00 0.000000000000000000e+00 0.000000000000000000e+00 0.000000000000000000e+00 0.000000000000000000e+00 0.000000000000000000e+00 0.000000000000000000e+00 0.000000000000000000e+00 0.000000000000000000e+00 0.000000000000000000e+00 0.000000000000000000e+00 0.000000000000000000e+00 0.000000000000000000e+00 0.000000000000000000e+00 0.000000000000000000e+00 0.000000000000000000e+00 0.000000000000000000e+00 0.000000000000000000e+00 0.000000000000000000e+00 0.000000000000000000e+00 7.888888888888888618e-01 8.061728395061728003e-01 8.123456790123456672e-01 8.185185185185185341e-01 8.160493827160494318e-01 7.839506172839506570e-01 7.530864197530864335e-01 7.543209876543209846e-01 7.592592592592593004e-01 7.592592592592593004e-01 7.641975308641975051e-01 7.617283950617284027e-01 7.654320987654320563e-01 7.728395061728394744e-01 7.740740740740740256e-01 7.790123456790123413e-01 7.790123456790123413e-01 7.901234567901234129e-01 8.024691358024691468e-01 8.111111111111111160e-01 8.259259259259259522e-01 8.271604938271605034e-01 7.987654320987653822e-01 7.271604938271605256e-01 5.530864197530863668e-01 0.000000000000000000e+00 0.000000000000000000e+00 0.000000000000000000e+00 0.000000000000000000e+00 0.000000000000000000e+00 0.000000000000000000e+00 0.000000000000000000e+00 0.000000000000000000e+00 0.000000000000000000e+00 0.000000000000000000e+00 0.000000000000000000e+00 0.000000000000000000e+00 0.000000000000000000e+00 0.000000000000000000e+00 0.000000000000000000e+00 0.000000000000000000e+00 0.000000000000000000e+00 0.000000000000000000e+00 0.000000000000000000e+00 0.000000000000000000e+00 0.000000000000000000e+00 0.000000000000000000e+00 0.000000000000000000e+00 0.000000000000000000e+00 0.000000000000000000e+00 0.000000000000000000e+00 0.000000000000000000e+00 5.522388059701492935e-01 5.771144278606965550e-01 6.019900497512438164e-01 6.169154228855721067e-01 6.268656716417910779e-01 6.592039800995025400e-01 6.815920398009950310e-01 6.691542288557214002e-01 6.592039800995025400e-01 6.592039800995025400e-01 6.666666666666666297e-01 6.840796019900498015e-01 6.840796019900498015e-01 6.940298507462686617e-01 6.890547263681592316e-01 7.014925373134328623e-01 7.089552238805970630e-01 7.089552238805970630e-01 7.213930348258706937e-01 7.263681592039801238e-01 7.437810945273631846e-01 7.587064676616915859e-01 7.885572139303482775e-01 8.258706467661691697e-01 6.666666666666666297e-01 0.000000000000000000e+00 0.000000000000000000e+00 0.000000000000000000e+00 0.000000000000000000e+00 0.000000000000000000e+00 0.000000000000000000e+00 0.000000000000000000e+00 0.000000000000000000e+00 0.000000000000000000e+00 0.000000000000000000e+00 0.000000000000000000e+00 0.000000000000000000e+00 0.000000000000000000e+00 0.000000000000000000e+00 0.000000000000000000e+00 0.000000000000000000e+00 0.000000000000000000e+00 0.000000000000000000e+00 0.000000000000000000e+00 0.000000000000000000e+00 0.000000000000000000e+00 0.000000000000000000e+00 0.000000000000000000e+00 0.000000000000000000e+00 0.000000000000000000e+00 0.000000000000000000e+00 0.000000000000000000e+00 4.198686044196695000e-01 2.826995819231534757e-01 2.426836551861437374e-01 4.011546884332072294e-01 4.837746366713119306e-01 5.450925741588692475e-01 5.427035636074060143e-01 5.550467847899661633e-01 7.240692813059923516e-01 5.269759108102727296e-01 2.699581923153493990e-01 5.363328688035038372e-01 5.813259008560620611e-01 6.382639856659366728e-01 6.476209436591678914e-01 6.295042803105713736e-01 6.850487756320924326e-01 6.932112283495918126e-01 6.752936492136173419e-01 6.725064702369102365e-01 6.591678279912402960e-01 6.697192912602030201e-01 6.870396177583117936e-01 7.256619550069679514e-01 4.668524785984471404e-01 0.000000000000000000e+00 0.000000000000000000e+00 0.000000000000000000e+00 0.000000000000000000e+00 0.000000000000000000e+00 0.000000000000000000e+00 0.000000000000000000e+00 0.000000000000000000e+00 0.000000000000000000e+00 0.000000000000000000e+00 0.000000000000000000e+00 0.000000000000000000e+00 0.000000000000000000e+00 0.000000000000000000e+00 0.000000000000000000e+00 0.000000000000000000e+00 0.000000000000000000e+00 0.000000000000000000e+00 0.000000000000000000e+00 0.000000000000000000e+00 0.000000000000000000e+00 0.000000000000000000e+00 0.000000000000000000e+00 0.000000000000000000e+00 0.000000000000000000e+00 0.000000000000000000e+00 0.000000000000000000e+00
3.625178826895564949e-02 1.779685264663805402e-02 1.723319027181688112e-01 2.714163090128755562e-01 2.182832618025750959e-01 1.815450643776823914e-01 1.483547925608011409e-01 6.658082975679541216e-02 1.572532188841201661e-01 2.296709585121602393e-01 2.582546494992846720e-01 2.852074391988554947e-01 2.110157367668097361e-01 3.289556509298998677e-01 3.750214592274678238e-01 4.298140200286122981e-01 3.778254649499284690e-01 3.560515021459227936e-01 4.653218884120171595e-01 5.357653791130185805e-01 5.177968526466381061e-01 5.649785407725321784e-01 6.496995708154506000e-01 6.339341917024320372e-01 6.309012875536480491e-01 6.430042918454935696e-01 6.566809728183118366e-01 5.864377682403433267e-01 4.328469241773962861e-01 3.412303290414878121e-01 0.000000000000000000e+00 0.000000000000000000e+00 0.000000000000000000e+00 0.000000000000000000e+00 0.000000000000000000e+00 0.000000000000000000e+00 0.000000000000000000e+00 0.000000000000000000e+00 0.000000000000000000e+00 0.000000000000000000e+00 0.000000000000000000e+00 0.000000000000000000e+00 0.000000000000000000e+00 0.000000000000000000e+00 0.000000000000000000e+00 0.000000000000000000e+00 0.000000000000000000e+00 0.000000000000000000e+00 0.000000000000000000e+00 0.000000000000000000e+00 0.000000000000000000e+00 0.000000000000000000e+00 8.430105320749555764e-01 8.466694022705512079e-01 9.163931062782109116e-01 9.806114074681985260e-01 9.246341129804404035e-01 7.204212829982219457e-01 4.772944877581725698e-01 3.765900697578990486e-01 5.574818766242647383e-01 5.687662426480645239e-01 5.281083299138285003e-01 6.182464779099986485e-01 6.111339078101490907e-01 5.193885925318013630e-01 5.518054985638080057e-01 6.409861852003829741e-01 5.997127615921213906e-01 5.045479414580769095e-01 5.721173574066474865e-01 6.871495007522910869e-01 6.070305019833127647e-01 5.668513199288742754e-01 7.131035426070304606e-01 7.557105731090137946e-01 6.965873341540144148e-01 5.256462864177267047e-01 2.581726166051155902e-01 5.235261934071946260e-02 2.663794282587881451e-02 1.380796060730406227e-01 0.000000000000000000e+00 0.000000000000000000e+00 0.000000000000000000e+00 0.000000000000000000e+00 0.000000000000000000e+00 0.000000000000000000e+00 0.000000000000000000e+00 0.000000000000000000e+00 0.000000000000000000e+00 0.000000000000000000e+00 0.000000000000000000e+00 0.000000000000000000e+00 0.000000000000000000e+00 0.000000000000000000e+00 0.000000000000000000e+00 0.000000000000000000e+00 0.000000000000000000e+00 0.000000000000000000e+00 0.000000000000000000e+00 0.000000000000000000e+00 0.000000000000000000e+00 0.000000000000000000e+00 8.604938271604938294e-01 8.432098765432098908e-01 8.308641975308641570e-01 8.345679012345679215e-01 8.432098765432098908e-01 8.530864197530864113e-01 8.419753086419753396e-01 8.086419753086420137e-01 7.641975308641975051e-01 7.765432098765432389e-01 7.913580246913580751e-01 7.962962962962962798e-01 7.975308641975308310e-01 8.098765432098765649e-01 8.098765432098765649e-01 8.209876543209876365e-01 8.271604938271605034e-01 8.271604938271605034e-01 8.296296296296296058e-01 8.333333333333333703e-01 8.407407407407407884e-01 8.530864197530864113e-01 8.518518518518518601e-01 8.716049382716049010e-01 8.851851851851851860e-01 9.012345679012345734e-01 8.876543209876542884e-01 8.530864197530864113e-01 8.160493827160494318e-01 6.518518518518519045e-01 0.000000000000000000e+00 0.000000000000000000e+00 0.000000000000000000e+00 0.000000000000000000e+00 0.000000000000000000e+00 0.000000000000000000e+00 0.000000000000000000e+00 0.000000000000000000e+00 0.000000000000000000e+00 0.000000000000000000e+00 0.000000000000000000e+00 0.000000000000000000e+00 0.000000000000000000e+00 0.000000000000000000e+00 0.000000000000000000e+00 0.000000000000000000e+00 0.000000000000000000e+00 0.000000000000000000e+00 0.000000000000000000e+00 0.000000000000000000e+00 0.000000000000000000e+00 0.000000000000000000e+00 5.174129353233830608e-01 5.746268656716417844e-01 6.044776119402984760e-01 6.218905472636815368e-01 6.293532338308457375e-01 6.368159203980099381e-01 6.641791044776119701e-01 6.915422885572138911e-01 7.014925373134328623e-01 6.965174129353234322e-01 6.965174129353234322e-01 6.965174129353234322e-01 6.940298507462686617e-01 6.940298507462686617e-01 7.064676616915422924e-01 7.089552238805970630e-01 7.089552238805970630e-01 7.089552238805970630e-01 7.139303482587064931e-01 7.213930348258706937e-01 7.213930348258706937e-01 7.288557213930347833e-01 7.338308457711443245e-01 7.363184079601989840e-01 7.288557213930347833e-01 7.189054726368159232e-01 7.437810945273631846e-01 7.786069651741293063e-01 8.084577114427861089e-01 6.467661691542289093e-01 0.000000000000000000e+00 0.000000000000000000e+00 0.000000000000000000e+00 0.000000000000000000e+00 0.000000000000000000e+00 0.000000000000000000e+00 0.000000000000000000e+00 0.000000000000000000e+00 0.000000000000000000e+00 0.000000000000000000e+00 0.000000000000000000e+00 0.000000000000000000e+00 0.000000000000000000e+00 0.000000000000000000e+00 0.000000000000000000e+00 0.000000000000000000e+00 0.000000000000000000e+00 0.000000000000000000e+00 0.000000000000000000e+00 0.000000000000000000e+00 0.000000000000000000e+00 0.000000000000000000e+00 2.213816444355962698e-01 4.614772048576548102e-01 4.638662154091180434e-01 3.380449930320525986e-01 3.495918773641250032e-01 4.772048576547879284e-01 6.101931116862432392e-01 5.148317738403345167e-01 2.128210232928528789e-01 3.207246665339438252e-01 4.624726259207644907e-01 5.351383635277722206e-01 4.901453314752139967e-01 4.059327095361338067e-01 4.692414891499103735e-01 5.725661955006968729e-01 5.912801114871590880e-01 6.344813856261197760e-01 6.281106908222178209e-01 6.155683854270356248e-01 6.585705753533744877e-01 6.641449333067888094e-01 6.097949432609993670e-01 6.153693012144136887e-01 6.161656380649014331e-01 6.255225960581325406e-01 6.107903643241091585e-01 6.091976906231335587e-01 6.219390802309375799e-01 4.756121839538124396e-01 0.000000000000000000e+00 0.000000000000000000e+00 0.000000000000000000e+00 0.000000000000000000e+00 0.000000000000000000e+00 0.000000000000000000e+00 0.000000000000000000e+00 0.000000000000000000e+00 0.000000000000000000e+00 0.000000000000000000e+00 0.000000000000000000e+00 0.000000000000000000e+00 0.000000000000000000e+00 0.000000000000000000e+00 0.000000000000000000e+00 0.000000000000000000e+00 0.000000000000000000e+00 0.000000000000000000e+00 0.000000000000000000e+00 0.000000000000000000e+00 0.000000000000000000e+00 0.000000000000000000e+00
1.427753934191702476e-02 1.183404864091559400e-01 2.698426323319026987e-01 2.434907010014306095e-01 1.820314735336194811e-01 2.167668097281831296e-01 1.697854077253218852e-01 1.187696709585121663e-01 2.430615164520743832e-01 2.706723891273247751e-01 3.192846924177396573e-01 3.749642346208869603e-01 3.331044349070100274e-01 3.067238912732475065e-01 4.315021459227467715e-01 4.734763948497853758e-01 5.323891273247496336e-01 5.027467811158797817e-01 4.711015736766809847e-01 5.700429184549355988e-01 6.492989985693848887e-01 6.422603719599426775e-01 6.810586552217453571e-01 7.543061516452075344e-01 7.583977110157367196e-01 7.806294706723891919e-01 7.816022889842632049e-01 6.660658082975680072e-01 5.258369098712446510e-01 0.000000000000000000e+00 0.000000000000000000e+00 0.000000000000000000e+00 0.000000000000000000e+00 0.000000000000000000e+00 0.000000000000000000e+00 0.000000000000000000e+00 0.000000000000000000e+00 0.000000000000000000e+00 0.000000000000000000e+00 0.000000000000000000e+00 0.000000000000000000e+00 0.000000000000000000e+00 0.000000000000000000e+00 0.000000000000000000e+00 0.000000000000000000e+00 0.000000000000000000e+00 0.000000000000000000e+00 0.000000000000000000e+00 0.000000000000000000e+00 0.000000000000000000e+00 0.000000000000000000e+00 0.000000000000000000e+00 5.411366434140336690e-01 6.414307208316235576e-01 7.891533305977295187e-01 7.807755437012721123e-01 6.296676241280262376e-01 3.554917247982491979e-01 1.190671590753658859e-01 1.048762139242237629e-01 2.828272466146901643e-01 2.846737792367665110e-01 2.532143345643550481e-01 3.416427301326767640e-01 3.597319108193133275e-01 2.870332375871973429e-01 3.356244015866502450e-01 3.469429626590069815e-01 4.449801668718369463e-01 4.324989741485432693e-01 3.175010258514566752e-01 3.742648064560251675e-01 4.844754479551360848e-01 4.098618520038297963e-01 3.773765558747093074e-01 5.457871700177814311e-01 5.545411024483655194e-01 3.737176856791136759e-01 1.178361373273150020e-01 8.480372042128299023e-03 8.083709478867459608e-02 0.000000000000000000e+00 0.000000000000000000e+00 0.000000000000000000e+00 0.000000000000000000e+00 0.000000000000000000e+00 0.000000000000000000e+00 0.000000000000000000e+00 0.000000000000000000e+00 0.000000000000000000e+00 0.000000000000000000e+00 0.000000000000000000e+00 0.000000000000000000e+00 0.000000000000000000e+00 0.000000000000000000e+00 0.000000000000000000e+00 0.000000000000000000e+00 0.000000000000000000e+00 0.000000000000000000e+00 0.000000000000000000e+00 0.000000000000000000e+00 0.000000000000000000e+00 0.000000000000000000e+00 0.000000000000000000e+00 7.950617283950617287e-01 7.876543209876543106e-01 7.864197530864197594e-01 7.987654320987653822e-01 8.049382716049382491e-01 8.086419753086420137e-01 7.975308641975308310e-01 7.691358024691358208e-01 7.703703703703703720e-01 7.765432098765432389e-01 7.777777777777777901e-01 7.728395061728394744e-01 7.716049382716049232e-01 7.666666666666667185e-01 7.716049382716049232e-01 7.777777777777777901e-01 7.802469135802468925e-01 7.864197530864197594e-01 7.901234567901234129e-01 7.925925925925926263e-01 7.950617283950617287e-01 8.024691358024691468e-01 8.061728395061728003e-01 8.111111111111111160e-01 8.222222222222221877e-01 8.370370370370370239e-01 8.370370370370370239e-01 7.975308641975308310e-01 5.999999999999999778e-01 0.000000000000000000e+00 0.000000000000000000e+00 0.000000000000000000e+00 0.000000000000000000e+00 0.000000000000000000e+00 0.000000000000000000e+00 0.000000000000000000e+00 0.000000000000000000e+00 0.000000000000000000e+00 0.000000000000000000e+00 0.000000000000000000e+00 0.000000000000000000e+00 0.000000000000000000e+00 0.000000000000000000e+00 0.000000000000000000e+00 0.000000000000000000e+00 0.000000000000000000e+00 0.000000000000000000e+00 0.000000000000000000e+00 0.000000000000000000e+00 0.000000000000000000e+00 0.000000000000000000e+00 0.000000000000000000e+00 5.597014925373133831e-01 5.970149253731342753e-01 6.368159203980099381e-01 6.517412935323383394e-01 6.492537313432835688e-01 6.567164179104477695e-01 6.840796019900498015e-01 7.114427860696517225e-01 7.014925373134328623e-01 6.791044776119402604e-01 6.716417910447761708e-01 6.815920398009950310e-01 6.840796019900498015e-01 6.840796019900498015e-01 6.840796019900498015e-01 6.965174129353234322e-01 6.965174129353234322e-01 7.014925373134328623e-01 7.089552238805970630e-01 7.064676616915422924e-01 7.139303482587064931e-01 7.213930348258706937e-01 7.213930348258706937e-01 7.263681592039801238e-01 7.412935323383084141e-01 7.462686567164179552e-01 7.611940298507462455e-01 8.034825870646765678e-01 6.616915422885571996e-01 0.000000000000000000e+00 0.000000000000000000e+00 0.000000000000000000e+00 0.000000000000000000e+00 0.000000000000000000e+00 0.000000000000000000e+00 0.000000000000000000e+00 0.000000000000000000e+00 0.000000000000000000e+00 0.000000000000000000e+00 0.000000000000000000e+00 0.000000000000000000e+00 0.000000000000000000e+00 0.000000000000000000e+00 0.000000000000000000e+00 0.000000000000000000e+00 0.000000000000000000e+00 0.000000000000000000e+00 0.000000000000000000e+00 0.000000000000000000e+00 0.000000000000000000e+00 0.000000000000000000e+00 0.000000000000000000e+00 3.129603822416882064e-01 4.465458889110093810e-01 3.177384033446147282e-01 3.569579932311368053e-01 4.435596257216802840e-01 4.997013736810670959e-01 6.265180171212422211e-01 2.629902448735815246e-01 1.885327493529763143e-01 3.744774039418674039e-01 4.887517419868604440e-01 5.504678478996615221e-01 5.494724268365518416e-01 3.718893091777822346e-01 3.724865618156479874e-01 4.758112681664343757e-01 5.217997212821023911e-01 5.735616165638065533e-01 6.444355962572168028e-01 6.563806490145330796e-01 6.585705753533744877e-01 6.954011546884332207e-01 6.410511646426437782e-01 5.610193111686243572e-01 6.364722277523392480e-01 6.237308381445351158e-01 6.281106908222178209e-01 7.059526179573960558e-01 3.929922357157077384e-01 0.000000000000000000e+00 0.000000000000000000e+00 0.000000000000000000e+00 0.000000000000000000e+00 0.000000000000000000e+00 0.000000000000000000e+00 0.000000000000000000e+00 0.000000000000000000e+00 0.000000000000000000e+00 0.000000000000000000e+00 0.000000000000000000e+00 0.000000000000000000e+00 0.000000000000000000e+00 0.000000000000000000e+00 0.000000000000000000e+00 0.000000000000000000e+00 0.000000000000000000e+00 0.000000000000000000e+00 0.000000000000000000e+00 0.000000000000000000e+00 0.000000000000000000e+00 0.000000000000000000e+00 0.000000000000000000e+00
5.808297567954220572e-03 9.788268955650930581e-02 2.703576537911301925e-01 2.922746781115879711e-01 2.316165951359084318e-01 2.139341917024320527e-01 1.497854077253218952e-01 9.679542203147353807e-02 1.832618025751072965e-01 2.708726752503576862e-01 3.099856938483548374e-01 3.524177396280400720e-01 3.055793991416309030e-01 3.204005722460657735e-01 4.165951359084406058e-01 4.614020028612302871e-01 4.414878397711015645e-01 3.897567954220315101e-01 4.513304721030043098e-01 5.677253218884120711e-01 5.686409155937053317e-01 5.235765379113018758e-01 6.028326180257510547e-01 6.685264663805435825e-01 6.488698140200286346e-01 6.385693848354793145e-01 6.130758226037195113e-01 5.208869814020028466e-01 4.149928469241774276e-01 0.000000000000000000e+00 0.000000000000000000e+00 0.000000000000000000e+00 0.000000000000000000e+00 0.000000000000000000e+00 0.000000000000000000e+00 0.000000000000000000e+00 0.000000000000000000e+00 0.000000000000000000e+00 0.000000000000000000e+00 0.000000000000000000e+00 0.000000000000000000e+00 0.000000000000000000e+00 0.000000000000000000e+00 0.000000000000000000e+00 0.000000000000000000e+00 0.000000000000000000e+00 0.000000000000000000e+00 0.000000000000000000e+00 0.000000000000000000e+00 0.000000000000000000e+00 0.000000000000000000e+00 0.000000000000000000e+00 6.248119272329366591e-01 6.811653672548214633e-01 7.876487484612227918e-01 7.813226644781835484e-01 6.052181644097934798e-01 3.561072356722747023e-01 2.467172753385309669e-01 2.732868280672958727e-01 4.000478730679797867e-01 4.237450417179592366e-01 3.525851456709068188e-01 4.317466830802899058e-01 4.386882779373547092e-01 3.977568048146628565e-01 4.248392832717822754e-01 4.522979072630283204e-01 4.878949528108329492e-01 3.642456572288332861e-01 3.517644645055396091e-01 5.107714402954451893e-01 5.234919983586376890e-01 4.039461086034741855e-01 4.628983723156886998e-01 5.902065380932840499e-01 5.757078375051292163e-01 4.324989741485432693e-01 1.789084940500615672e-01 1.894405690056079686e-02 7.516071672821775240e-02 0.000000000000000000e+00 0.000000000000000000e+00 0.000000000000000000e+00 0.000000000000000000e+00 0.000000000000000000e+00 0.000000000000000000e+00 0.000000000000000000e+00 0.000000000000000000e+00 0.000000000000000000e+00 0.000000000000000000e+00 0.000000000000000000e+00 0.000000000000000000e+00 0.000000000000000000e+00 0.000000000000000000e+00 0.000000000000000000e+00 0.000000000000000000e+00 0.000000000000000000e+00 0.000000000000000000e+00 0.000000000000000000e+00 0.000000000000000000e+00 0.000000000000000000e+00 0.000000000000000000e+00 0.000000000000000000e+00 8.333333333333333703e-01 8.358024691358024727e-01 8.469135802469135443e-01 8.654320987654321451e-01 8.802469135802468703e-01 8.753086419753086656e-01 8.481481481481480955e-01 8.296296296296296058e-01 8.098765432098765649e-01 8.111111111111111160e-01 8.123456790123456672e-01 8.222222222222221877e-01 8.296296296296296058e-01 8.308641975308641570e-01 8.271604938271605034e-01 8.320987654320988192e-01 8.395061728395061262e-01 8.370370370370370239e-01 8.345679012345679215e-01 8.382716049382715751e-01 8.395061728395061262e-01 8.518518518518518601e-01 8.555555555555555136e-01 8.703703703703703498e-01 8.876543209876542884e-01 9.012345679012345734e-01 9.000000000000000222e-01 8.913580246913580529e-01 8.703703703703703498e-01 0.000000000000000000e+00 0.000000000000000000e+00 0.000000000000000000e+00 0.000000000000000000e+00 0.000000000000000000e+00 0.000000000000000000e+00 0.000000000000000000e+00 0.000000000000000000e+00 0.000000000000000000e+00 0.000000000000000000e+00 0.000000000000000000e+00 0.000000000000000000e+00 0.000000000000000000e+00 0.000000000000000000e+00 0.000000000000000000e+00 0.000000000000000000e+00 0.000000000000000000e+00 0.000000000000000000e+00 0.000000000000000000e+00 0.000000000000000000e+00 0.000000000000000000e+00 0.000000000000000000e+00 0.000000000000000000e+00 5.348258706467661217e-01 5.721393034825870139e-01 5.895522388059701857e-01 6.044776119402984760e-01 6.169154228855721067e-01 6.442786069651741387e-01 6.766169154228856009e-01 6.915422885572138911e-01 6.940298507462686617e-01 6.840796019900498015e-01 6.940298507462686617e-01 7.089552238805970630e-01 7.089552238805970630e-01 7.039800995024875219e-01 6.965174129353234322e-01 7.064676616915422924e-01 6.965174129353234322e-01 7.064676616915422924e-01 7.213930348258706937e-01 7.238805970149253532e-01 7.388059701492537545e-01 7.338308457711443245e-01 7.412935323383084141e-01 7.462686567164179552e-01 7.462686567164179552e-01 7.462686567164179552e-01 7.487562189054726147e-01 7.761194029850746468e-01 7.885572139303482775e-01 0.000000000000000000e+00 0.000000000000000000e+00 0.000000000000000000e+00 0.000000000000000000e+00 0.000000000000000000e+00 0.000000000000000000e+00 0.000000000000000000e+00 0.000000000000000000e+00 0.000000000000000000e+00 0.000000000000000000e+00 0.000000000000000000e+00 0.000000000000000000e+00 0.000000000000000000e+00 0.000000000000000000e+00 0.000000000000000000e+00 0.000000000000000000e+00 0.000000000000000000e+00 0.000000000000000000e+00 0.000000000000000000e+00 0.000000000000000000e+00 0.000000000000000000e+00 0.000000000000000000e+00 0.000000000000000000e+00 3.006171610591280019e-01 4.314154887517419601e-01 3.619350985466852633e-01 2.892693609396774779e-01 4.069281305992434872e-01 4.762094365916782479e-01 4.351980887915588014e-01 1.077045590284690380e-01 1.706151702170017881e-01 3.854270356360740557e-01 4.570973521799721051e-01 5.321521003384431792e-01 5.978498905036830902e-01 2.659765080629106215e-01 4.059327095361338067e-01 4.393788572566195150e-01 5.070674895480787869e-01 6.195500696794743467e-01 6.002389010551463233e-01 5.888911009356958548e-01 6.099940274736213031e-01 6.380649014533147367e-01 5.851085008958788469e-01 5.821222377065498055e-01 5.898865219988055353e-01 6.064105116464264533e-01 6.567788174397769518e-01 5.831176587696594860e-01 5.174198686044195750e-01 0.000000000000000000e+00 0.000000000000000000e+00 0.000000000000000000e+00 0.000000000000000000e+00 0.000000000000000000e+00 0.000000000000000000e+00 0.000000000000000000e+00 0.000000000000000000e+00 0.000000000000000000e+00 0.000000000000000000e+00 0.000000000000000000e+00 0.000000000000000000e+00 0.000000000000000000e+00 0.000000000000000000e+00 0.000000000000000000e+00 0.000000000000000000e+00 0.000000000000000000e+00 0.000000000000000000e+00 0.000000000000000000e+00 0.000000000000000000e+00 0.000000000000000000e+00 0.000000000000000000e+00 0.000000000000000000e+00
6.666666666666667095e-03 1.203719599427753861e-01 2.663233190271816486e-01 2.618025751072961538e-01 2.063233190271817064e-01 1.881258941344778335e-01 1.469527896995708183e-01 1.427467811158798228e-01 2.838626609442060356e-01 2.811444921316165746e-01 3.282117310443490310e-01 3.477825464949928502e-01 3.870958512160229126e-01 4.710443490701001212e-01 5.323032904148784494e-01 5.228612303290415264e-01 4.655221745350500706e-01 4.717596566523605262e-01 5.889842632331903083e-01 6.659513590844062803e-01 6.503576537911301969e-01 6.812875536480685890e-01 7.421745350500715821e-01 7.398569384835479434e-01 7.284406294706724516e-01 7.376824034334763525e-01 7.408297567954219565e-01 6.395708154506438703e-01 5.267238912732474798e-01 2.253505007153076001e-01 0.000000000000000000e+00 0.000000000000000000e+00 0.000000000000000000e+00 0.000000000000000000e+00 0.000000000000000000e+00 0.000000000000000000e+00 0.000000000000000000e+00 0.000000000000000000e+00 0.000000000000000000e+00 0.000000000000000000e+00 0.000000000000000000e+00 0.000000000000000000e+00 0.000000000000000000e+00 0.000000000000000000e+00 0.000000000000000000e+00 0.000000000000000000e+00 0.000000000000000000e+00 0.000000000000000000e+00 0.000000000000000000e+00 0.000000000000000000e+00 0.000000000000000000e+00 0.000000000000000000e+00 6.791478593899602512e-01 7.166940227055123014e-01 7.827588565175761515e-01 7.764669675830938589e-01 6.725482150184652896e-01 4.686089454247024944e-01 3.284434413896867855e-01 3.442757488715633696e-01 4.854671043632882155e-01 3.930720831623580880e-01 3.854807823827109403e-01 4.941868417453152973e-01 4.457324579400902542e-01 4.112980440432225104e-01 4.887498290247571653e-01 5.465736561345917455e-01 4.644713445493092174e-01 3.591163999452879341e-01 4.468266994939132930e-01 5.389139652578306405e-01 4.348584324989741567e-01 4.227533853098071059e-01 5.422992750649705540e-01 5.630898645876076802e-01 5.058131582546847582e-01 3.287170017781425035e-01 1.434140336479277633e-01 2.232936670770072421e-02 4.267542059909724961e-02 6.367118041307617826e-02 0.000000000000000000e+00 0.000000000000000000e+00 0.000000000000000000e+00 0.000000000000000000e+00 0.000000000000000000e+00 0.000000000000000000e+00 0.000000000000000000e+00 0.000000000000000000e+00 0.000000000000000000e+00 0.000000000000000000e+00 0.000000000000000000e+00 0.000000000000000000e+00 0.000000000000000000e+00 0.000000000000000000e+00 0.000000000000000000e+00 0.000000000000000000e+00 0.000000000000000000e+00 0.000000000000000000e+00 0.000000000000000000e+00 0.000000000000000000e+00 0.000000000000000000e+00 0.000000000000000000e+00 8.148148148148147696e-01 7.938271604938271775e-01 8.061728395061728003e-01 8.308641975308641570e-01 8.506172839506173089e-01 8.419753086419753396e-01 8.234567901234567389e-01 8.000000000000000444e-01 7.901234567901234129e-01 7.975308641975308310e-01 7.864197530864197594e-01 7.814814814814814437e-01 8.172839506172839830e-01 8.296296296296296058e-01 8.160493827160494318e-01 8.160493827160494318e-01 8.271604938271605034e-01 8.234567901234567389e-01 8.111111111111111160e-01 8.111111111111111160e-01 8.296296296296296058e-01 8.555555555555555136e-01 8.617283950617283805e-01 8.617283950617283805e-01 8.703703703703703498e-01 8.691358024691357986e-01 8.592592592592592782e-01 8.395061728395061262e-01 8.185185185185185341e-01 3.308641975308642125e-01 0.000000000000000000e+00 0.000000000000000000e+00 0.000000000000000000e+00 0.000000000000000000e+00 0.000000000000000000e+00 0.000000000000000000e+00 0.000000000000000000e+00 0.000000000000000000e+00 0.000000000000000000e+00 0.000000000000000000e+00 0.000000000000000000e+00 0.000000000000000000e+00 0.000000000000000000e+00 0.000000000000000000e+00 0.000000000000000000e+00 0.000000000000000000e+00 0.000000000000000000e+00 0.000000000000000000e+00 0.000000000000000000e+00 0.000000000000000000e+00 0.000000000000000000e+00 0.000000000000000000e+00 6.194029850746268773e-01 6.293532338308457375e-01 6.467661691542289093e-01 6.492537313432835688e-01 6.542288557213929989e-01 6.666666666666666297e-01 6.815920398009950310e-01 7.164179104477611526e-01 7.114427860696517225e-01 6.965174129353234322e-01 6.965174129353234322e-01 6.940298507462686617e-01 6.542288557213929989e-01 6.492537313432835688e-01 6.741293532338308303e-01 6.840796019900498015e-01 6.840796019900498015e-01 6.766169154228856009e-01 6.716417910447761708e-01 6.815920398009950310e-01 6.840796019900498015e-01 6.965174129353234322e-01 7.014925373134328623e-01 7.014925373134328623e-01 6.965174129353234322e-01 6.990049751243780918e-01 7.238805970149253532e-01 7.562189054726368154e-01 7.661691542288556755e-01 3.034825870646766233e-01 0.000000000000000000e+00 0.000000000000000000e+00 0.000000000000000000e+00 0.000000000000000000e+00 0.000000000000000000e+00 0.000000000000000000e+00 0.000000000000000000e+00 0.000000000000000000e+00 0.000000000000000000e+00 0.000000000000000000e+00 0.000000000000000000e+00 0.000000000000000000e+00 0.000000000000000000e+00 0.000000000000000000e+00 0.000000000000000000e+00 0.000000000000000000e+00 0.000000000000000000e+00 0.000000000000000000e+00 0.000000000000000000e+00 0.000000000000000000e+00 0.000000000000000000e+00 0.000000000000000000e+00 3.645231933107704325e-01 4.164841728050965308e-01 4.109098148516822646e-01 3.266971929126020191e-01 3.621341827593071994e-01 4.734222576149711426e-01 5.829185745570376609e-01 3.888114672506470249e-01 2.763288871192514651e-01 5.064702369102129786e-01 5.829185745570376609e-01 6.277125223969739487e-01 2.550268763687039697e-01 4.644634680469839072e-01 5.757515429026477394e-01 5.900856062114273604e-01 6.012343221182560038e-01 6.500099542106311246e-01 6.649412701572765538e-01 6.657376070077641872e-01 6.979892494525183899e-01 7.107306390603225221e-01 7.057535337447740087e-01 7.135178180370296275e-01 7.196894286283097575e-01 7.167031654389807160e-01 7.171013338642244772e-01 6.219390802309375799e-01 6.868405335456898575e-01 1.857455703762691535e-01 0.000000000000000000e+00 0.000000000000000000e+00 0.000000000000000000e+00 0.000000000000000000e+00 0.000000000000000000e+00 0.000000000000000000e+00 0.000000000000000000e+00 0.000000000000000000e+00 0.000000000000000000e+00 0.000000000000000000e+00 0.000000000000000000e+00 0.000000000000000000e+00 0.000000000000000000e+00 0.000000000000000000e+00 0.000000000000000000e+00 0.000000000000000000e+00 0.000000000000000000e+00 0.000000000000000000e+00 0.000000000000000000e+00 0.000000000000000000e+00 0.000000000000000000e+00 0.000000000000000000e+00
1.064377682403433618e-02 1.223175965665236065e-01 2.589985693848355086e-01 2.678683834048641299e-01 1.943347639484978573e-01 1.751931330472102921e-01 1.219742489270386337e-01 1.953075822603719536e-01 3.005722460658082906e-01 3.320171673819742875e-01 3.653505007153076134e-01 3.661516452074392025e-01 4.799141630901287425e-01 5.251502145922747333e-01 4.856080114449213281e-01 4.591702432045779436e-01 5.547353361945636108e-01 6.678683834048639856e-01 6.714735336194563864e-01 6.549356223175966107e-01 7.141344778254650194e-01 7.451216022889841639e-01 7.384835479256079971e-01 7.324749642346208844e-01 7.329327610872674592e-01 6.898998569384835466e-01 5.766523605150214449e-01 5.085550786838340942e-01 0.000000000000000000e+00 0.000000000000000000e+00 0.000000000000000000e+00 0.000000000000000000e+00 0.000000000000000000e+00 0.000000000000000000e+00 0.000000000000000000e+00 0.000000000000000000e+00 0.000000000000000000e+00 0.000000000000000000e+00 0.000000000000000000e+00 0.000000000000000000e+00 0.000000000000000000e+00 0.000000000000000000e+00 0.000000000000000000e+00 0.000000000000000000e+00 0.000000000000000000e+00 0.000000000000000000e+00 0.000000000000000000e+00 0.000000000000000000e+00 0.000000000000000000e+00 0.000000000000000000e+00 0.000000000000000000e+00 0.000000000000000000e+00 6.849610176446450094e-01 7.355012994118451664e-01 8.199630693475584708e-01 8.372999589659416708e-01 7.232252769798932501e-01 5.093352482560524752e-01 3.405142935302967744e-01 4.167350567637805869e-01 4.336958008480371607e-01 3.899261386951169417e-01 4.991793188346327348e-01 4.757215155245520521e-01 4.226166051155793024e-01 5.014703870879496650e-01 5.017781425249624450e-01 3.864382437423060646e-01 4.194022705512241433e-01 5.489331144850225774e-01 5.345711940910955473e-01 4.348926275475311076e-01 4.763028313500205502e-01 5.794350977978388606e-01 5.857269867323211532e-01 4.925454794145807669e-01 2.771850636027903270e-01 8.846259061687866687e-02 8.685542333470113591e-03 9.913144576665297580e-02 0.000000000000000000e+00 0.000000000000000000e+00 0.000000000000000000e+00 0.000000000000000000e+00 0.000000000000000000e+00 0.000000000000000000e+00 0.000000000000000000e+00 0.000000000000000000e+00 0.000000000000000000e+00 0.000000000000000000e+00 0.000000000000000000e+00 0.000000000000000000e+00 0.000000000000000000e+00 0.000000000000000000e+00 0.000000000000000000e+00 0.000000000000000000e+00 0.000000000000000000e+00 0.000000000000000000e+00 0.000000000000000000e+00 0.000000000000000000e+00 0.000000000000000000e+00 0.000000000000000000e+00 0.000000000000000000e+00 0.000000000000000000e+00 8.271604938271605034e-01 8.222222222222221877e-01 8.296296296296296058e-01 8.432098765432098908e-01 8.518518518518518601e-01 8.518518518518518601e-01 8.370370370370370239e-01 8.135802469135802184e-01 8.000000000000000444e-01 8.000000000000000444e-01 7.925925925925926263e-01 8.012345679012345956e-01 8.049382716049382491e-01 8.123456790123456672e-01 8.148148148148147696e-01 8.148148148148147696e-01 8.271604938271605034e-01 8.172839506172839830e-01 8.370370370370370239e-01 8.567901234567901758e-01 8.543209876543209624e-01 8.518518518518518601e-01 8.543209876543209624e-01 8.592592592592592782e-01 8.604938271604938294e-01 8.580246913580247270e-01 8.679012345679012475e-01 8.703703703703703498e-01 0.000000000000000000e+00 0.000000000000000000e+00 0.000000000000000000e+00 0.000000000000000000e+00 0.000000000000000000e+00 0.000000000000000000e+00 0.000000000000000000e+00 0.000000000000000000e+00 0.000000000000000000e+00 0.000000000000000000e+00 0.000000000000000000e+00 0.000000000000000000e+00 0.000000000000000000e+00 0.000000000000000000e+00 0.000000000000000000e+00 0.000000000000000000e+00 0.000000000000000000e+00 0.000000000000000000e+00 0.000000000000000000e+00 0.000000000000000000e+00 0.000000000000000000e+00 0.000000000000000000e+00 0.000000000000000000e+00 0.000000000000000000e+00 5.970149253731342753e-01 6.194029850746268773e-01 6.393034825870647087e-01 6.467661691542289093e-01 6.343283582089552786e-01 6.492537313432835688e-01 6.766169154228856009e-01 6.915422885572138911e-01 6.791044776119402604e-01 6.766169154228856009e-01 6.766169154228856009e-01 6.542288557213929989e-01 6.592039800995025400e-01 6.766169154228856009e-01 6.840796019900498015e-01 6.840796019900498015e-01 6.840796019900498015e-01 6.865671641791044610e-01 6.915422885572138911e-01 6.940298507462686617e-01 7.039800995024875219e-01 7.089552238805970630e-01 6.990049751243780918e-01 6.840796019900498015e-01 6.965174129353234322e-01 7.164179104477611526e-01 7.313432835820895539e-01 7.338308457711443245e-01 0.000000000000000000e+00 0.000000000000000000e+00 0.000000000000000000e+00 0.000000000000000000e+00 0.000000000000000000e+00 0.000000000000000000e+00 0.000000000000000000e+00 0.000000000000000000e+00 0.000000000000000000e+00 0.000000000000000000e+00 0.000000000000000000e+00 0.000000000000000000e+00 0.000000000000000000e+00 0.000000000000000000e+00 0.000000000000000000e+00 0.000000000000000000e+00 0.000000000000000000e+00 0.000000000000000000e+00 0.000000000000000000e+00 0.000000000000000000e+00 0.000000000000000000e+00 0.000000000000000000e+00 0.000000000000000000e+00 0.000000000000000000e+00 2.424845709735218013e-01 3.334660561417479574e-01 3.404340035835158318e-01 2.842922556241290200e-01 3.702966354768066903e-01 4.170814254429623391e-01 6.205454907425840272e-01 2.088393390404141015e-01 3.515827194903444197e-01 4.696396575751543012e-01 5.560422058530758438e-01 4.851682261596654833e-01 5.440971530957595670e-01 4.959187736412501990e-01 5.351383635277722206e-01 5.655982480589289985e-01 6.109894485367309835e-01 6.173601433406331607e-01 6.352777224766076314e-01 6.735018913000199170e-01 6.764881544893489584e-01 6.868405335456898575e-01 6.882341230340434102e-01 6.926139757117260043e-01 7.041608600437985199e-01 7.320326498108699065e-01 6.687238701970933397e-01 6.906231335855066433e-01 0.000000000000000000e+00 0.000000000000000000e+00 0.000000000000000000e+00 0.000000000000000000e+00 0.000000000000000000e+00 0.000000000000000000e+00 0.000000000000000000e+00 0.000000000000000000e+00 0.000000000000000000e+00 0.000000000000000000e+00 0.000000000000000000e+00 0.000000000000000000e+00 0.000000000000000000e+00 0.000000000000000000e+00 0.000000000000000000e+00 0.000000000000000000e+00 0.000000000000000000e+00 0.000000000000000000e+00 0.000000000000000000e+00 0.000000000000000000e+00 0.000000000000000000e+00 0.000000000000000000e+00 0.000000000000000000e+00 0.000000000000000000e+00
1.793991416309012946e-02 4.795422031473533381e-02 2.134763948497854225e-01 3.207439198855507878e-01 2.826037195994277607e-01 2.420600858369098829e-01 2.319599427753934184e-01 1.532761087267525135e-01 2.929041487839771363e-01 3.237195994277539679e-01 3.712446351931330546e-01 3.404577968526466547e-01 4.043204577968526059e-01 4.919885550786838313e-01 5.357653791130185805e-01 4.901001430615165022e-01 4.912160228898426184e-01 5.986552217453505742e-01 6.382832618025751081e-01 6.130185979971387589e-01 6.554220314735336173e-01 7.214592274678111039e-01 7.176251788268955822e-01 6.946208869814018971e-01 7.208297567954220497e-01 7.224320457796853390e-01 7.171959942775393282e-01 6.960515021459227070e-01 6.412017167381974803e-01 5.522174535050071720e-01 3.301287553648068473e-01 0.000000000000000000e+00 0.000000000000000000e+00 0.000000000000000000e+00 0.000000000000000000e+00 0.000000000000000000e+00 0.000000000000000000e+00 0.000000000000000000e+00 0.000000000000000000e+00 0.000000000000000000e+00 0.000000000000000000e+00 0.000000000000000000e+00 0.000000000000000000e+00 0.000000000000000000e+00 0.000000000000000000e+00 0.000000000000000000e+00 0.000000000000000000e+00 0.000000000000000000e+00 0.000000000000000000e+00 0.000000000000000000e+00 0.000000000000000000e+00 0.000000000000000000e+00 5.902065380932840499e-01 6.008753932430583866e-01 6.859184790042401891e-01 7.561551087402544891e-01 7.071877992066748497e-01 5.684584872110518550e-01 3.867801942278757399e-01 2.655245520448639152e-01 4.116399945287921858e-01 3.546710436328819882e-01 4.109218985090958842e-01 4.739091779510327118e-01 3.913281356859527049e-01 4.022021611270688024e-01 4.798933114485022799e-01 4.343455067706196160e-01 3.788127479141020215e-01 4.664888524141704296e-01 5.293735467104362380e-01 4.264122555054027930e-01 4.251812337573519507e-01 5.498905758446176462e-01 5.597729448775816685e-01 4.957256189303788640e-01 4.817398440705785712e-01 4.774654630009574352e-01 4.069210778279305218e-01 2.344412529065791340e-01 4.260703050198330621e-02 3.019422787580358300e-02 1.028245110108056276e-01 0.000000000000000000e+00 0.000000000000000000e+00 0.000000000000000000e+00 0.000000000000000000e+00 0.000000000000000000e+00 0.000000000000000000e+00 0.000000000000000000e+00 0.000000000000000000e+00 0.000000000000000000e+00 0.000000000000000000e+00 0.000000000000000000e+00 0.000000000000000000e+00 0.000000000000000000e+00 0.000000000000000000e+00 0.000000000000000000e+00 0.000000000000000000e+00 0.000000000000000000e+00 0.000000000000000000e+00 0.000000000000000000e+00 0.000000000000000000e+00 0.000000000000000000e+00 8.419753086419753396e-01 8.580246913580247270e-01 8.456790123456789932e-01 8.518518518518518601e-01 8.716049382716049010e-01 8.827160493827160836e-01 8.802469135802468703e-01 8.567901234567901758e-01 8.246913580246914011e-01 8.370370370370370239e-01 8.395061728395061262e-01 8.395061728395061262e-01 8.530864197530864113e-01 8.629629629629629317e-01 8.666666666666666963e-01 8.641975308641974829e-01 8.641975308641974829e-01 8.691358024691357986e-01 8.851851851851851860e-01 9.012345679012345734e-01 9.012345679012345734e-01 9.061728395061728891e-01 9.222222222222222765e-01 9.358024691358024505e-01 9.320987654320987970e-01 9.197530864197530631e-01 9.086419753086419915e-01 9.222222222222222765e-01 9.209876543209876143e-01 9.086419753086419915e-01 5.358024691358024283e-01 0.000000000000000000e+00 0.000000000000000000e+00 0.000000000000000000e+00 0.000000000000000000e+00 0.000000000000000000e+00 0.000000000000000000e+00 0.000000000000000000e+00 0.000000000000000000e+00 0.000000000000000000e+00 0.000000000000000000e+00 0.000000000000000000e+00 0.000000000000000000e+00 0.000000000000000000e+00 0.000000000000000000e+00 0.000000000000000000e+00 0.000000000000000000e+00 0.000000000000000000e+00 0.000000000000000000e+00 0.000000000000000000e+00 0.000000000000000000e+00 0.000000000000000000e+00 5.721393034825870139e-01 5.845771144278606446e-01 6.044776119402984760e-01 6.243781094527363074e-01 6.268656716417910779e-01 6.368159203980099381e-01 6.517412935323383394e-01 6.716417910447761708e-01 6.741293532338308303e-01 6.791044776119402604e-01 6.840796019900498015e-01 6.840796019900498015e-01 6.915422885572138911e-01 6.965174129353234322e-01 7.089552238805970630e-01 7.213930348258706937e-01 7.213930348258706937e-01 7.213930348258706937e-01 7.114427860696517225e-01 7.089552238805970630e-01 7.089552238805970630e-01 7.189054726368159232e-01 7.213930348258706937e-01 7.139303482587064931e-01 7.189054726368159232e-01 7.338308457711443245e-01 7.462686567164179552e-01 7.388059701492537545e-01 7.512437810945273853e-01 7.686567164179104461e-01 4.651741293532338228e-01 0.000000000000000000e+00 0.000000000000000000e+00 0.000000000000000000e+00 0.000000000000000000e+00 0.000000000000000000e+00 0.000000000000000000e+00 0.000000000000000000e+00 0.000000000000000000e+00 0.000000000000000000e+00 0.000000000000000000e+00 0.000000000000000000e+00 0.000000000000000000e+00 0.000000000000000000e+00 0.000000000000000000e+00 0.000000000000000000e+00 0.000000000000000000e+00 0.000000000000000000e+00 0.000000000000000000e+00 0.000000000000000000e+00 0.000000000000000000e+00 0.000000000000000000e+00 3.205255823213218891e-01 4.194704359944256278e-01 4.688433207246665013e-01 2.735417081425443042e-01 2.365120445948636074e-01 3.181365717698586559e-01 4.644634680469839072e-01 5.110491738005176199e-01 3.197292454708341447e-01 4.256420465857057578e-01 4.764085208043002395e-01 5.251841528966753048e-01 3.754728250049770844e-01 4.809874576946047697e-01 5.317539319131993070e-01 5.669918375472825511e-01 6.089986064105116226e-01 6.099940274736213031e-01 6.295042803105713736e-01 6.613577543300815931e-01 6.508062910611187579e-01 6.070077642842921506e-01 6.171610591280111136e-01 6.091976906231335587e-01 5.036830579335058733e-01 4.825801313955803140e-01 5.034839737208839372e-01 5.775433008162452753e-01 6.205454907425840272e-01 5.992434799920366428e-01 3.352578140553454378e-01 0.000000000000000000e+00 0.000000000000000000e+00 0.000000000000000000e+00 0.000000000000000000e+00 0.000000000000000000e+00 0.000000000000000000e+00 0.000000000000000000e+00 0.000000000000000000e+00 0.000000000000000000e+00 0.000000000000000000e+00 0.000000000000000000e+00 0.000000000000000000e+00 0.000000000000000000e+00 0.000000000000000000e+00 0.000000000000000000e+00 0.000000000000000000e+00 0.000000000000000000e+00 0.000000000000000000e+00 0.000000000000000000e+00 0.000000000000000000e+00 0.000000000000000000e+00
1.373390557939914046e-03 2.589413447782546590e-02 1.765951359084406425e-01 2.778826895565092991e-01 2.457510729613733846e-01 1.880114449213161620e-01 1.918741058655221710e-01 2.055507868383404935e-01 1.781974248927038484e-01 2.840629470672388912e-01 3.022317596566523323e-01 3.618597997138769951e-01 3.670672389127325186e-01 3.066380543633762668e-01 3.763090128755364749e-01 4.572246065808297510e-01 4.733619456366237599e-01 4.281258941344778246e-01 4.234048640915593631e-01 5.070958512160228526e-01 5.636623748211730955e-01 5.592560801144491611e-01 5.833476394849784752e-01 6.554506437768240490e-01 6.718741058655220977e-01 6.582832618025750149e-01 6.616309012875536411e-01 6.770243204577968132e-01 6.824892703862661669e-01 5.916165951359083630e-01 4.974535050071530740e-01 1.035765379113018636e-01 0.000000000000000000e+00 0.000000000000000000e+00 0.000000000000000000e+00 0.000000000000000000e+00 0.000000000000000000e+00 0.000000000000000000e+00 0.000000000000000000e+00 0.000000000000000000e+00 0.000000000000000000e+00 0.000000000000000000e+00 0.000000000000000000e+00 0.000000000000000000e+00 0.000000000000000000e+00 0.000000000000000000e+00 0.000000000000000000e+00 0.000000000000000000e+00 0.000000000000000000e+00 0.000000000000000000e+00 0.000000000000000000e+00 0.000000000000000000e+00 5.664751743947475937e-01 5.732457940090275317e-01 6.712829982218574409e-01 7.659690876761044986e-01 7.446655724251127761e-01 6.440295445219532677e-01 4.703870879496648283e-01 3.006086718643140587e-01 2.719532211735740668e-01 3.778210915059499464e-01 2.983517986595540794e-01 3.375735193543974999e-01 4.288401039529475822e-01 3.721789084940500536e-01 3.485843249897414564e-01 3.940637395705102186e-01 4.621118861988784410e-01 4.008685542333469964e-01 3.244426207085213676e-01 3.946792504445356120e-01 4.821501846532622038e-01 4.316099028860621023e-01 3.767952400492408649e-01 4.891259745588839025e-01 5.846669402270551208e-01 5.481124333196553122e-01 4.413212966762412592e-01 2.640199699083572438e-01 9.591711120229790000e-02 8.548762139242237212e-03 8.545342634386540737e-02 3.693065244152646254e-02 0.000000000000000000e+00 0.000000000000000000e+00 0.000000000000000000e+00 0.000000000000000000e+00 0.000000000000000000e+00 0.000000000000000000e+00 0.000000000000000000e+00 0.000000000000000000e+00 0.000000000000000000e+00 0.000000000000000000e+00 0.000000000000000000e+00 0.000000000000000000e+00 0.000000000000000000e+00 0.000000000000000000e+00 0.000000000000000000e+00 0.000000000000000000e+00 0.000000000000000000e+00 0.000000000000000000e+00 0.000000000000000000e+00 0.000000000000000000e+00 8.777777777777777679e-01 8.567901234567901758e-01 8.271604938271605034e-01 8.086419753086420137e-01 8.283950617283950546e-01 8.407407407407407884e-01 8.469135802469135443e-01 8.370370370370370239e-01 8.061728395061728003e-01 8.000000000000000444e-01 8.074074074074074625e-01 8.148148148148147696e-01 8.271604938271605034e-01 8.271604938271605034e-01 8.395061728395061262e-01 8.419753086419753396e-01 8.493827160493827577e-01 8.518518518518518601e-01 8.518518518518518601e-01 8.469135802469135443e-01 8.493827160493827577e-01 8.604938271604938294e-01 8.641975308641974829e-01 8.740740740740741144e-01 8.827160493827160836e-01 9.012345679012345734e-01 9.123456790123456450e-01 9.111111111111110938e-01 9.049382716049382269e-01 9.074074074074074403e-01 8.938271604938271553e-01 1.777777777777777846e-01 0.000000000000000000e+00 0.000000000000000000e+00 0.000000000000000000e+00 0.000000000000000000e+00 0.000000000000000000e+00 0.000000000000000000e+00 0.000000000000000000e+00 0.000000000000000000e+00 0.000000000000000000e+00 0.000000000000000000e+00 0.000000000000000000e+00 0.000000000000000000e+00 0.000000000000000000e+00 0.000000000000000000e+00 0.000000000000000000e+00 0.000000000000000000e+00 0.000000000000000000e+00 0.000000000000000000e+00 0.000000000000000000e+00 0.000000000000000000e+00 6.243781094527363074e-01 6.840796019900498015e-01 6.791044776119402604e-01 6.616915422885571996e-01 6.492537313432835688e-01 6.368159203980099381e-01 6.467661691542289093e-01 6.716417910447761708e-01 6.865671641791044610e-01 6.766169154228856009e-01 6.716417910447761708e-01 6.815920398009950310e-01 6.965174129353234322e-01 6.965174129353234322e-01 6.840796019900498015e-01 6.865671641791044610e-01 7.064676616915422924e-01 7.089552238805970630e-01 7.089552238805970630e-01 6.990049751243780918e-01 6.990049751243780918e-01 6.965174129353234322e-01 6.965174129353234322e-01 7.064676616915422924e-01 7.089552238805970630e-01 7.164179104477611526e-01 7.114427860696517225e-01 7.213930348258706937e-01 7.437810945273631846e-01 7.587064676616915859e-01 7.636815920398010160e-01 1.517412935323383116e-01 0.000000000000000000e+00 0.000000000000000000e+00 0.000000000000000000e+00 0.000000000000000000e+00 0.000000000000000000e+00 0.000000000000000000e+00 0.000000000000000000e+00 0.000000000000000000e+00 0.000000000000000000e+00 0.000000000000000000e+00 0.000000000000000000e+00 0.000000000000000000e+00 0.000000000000000000e+00 0.000000000000000000e+00 0.000000000000000000e+00 0.000000000000000000e+00 0.000000000000000000e+00 0.000000000000000000e+00 0.000000000000000000e+00 0.000000000000000000e+00 2.787178976707146982e-01 4.889508261994823801e-01 5.389209635675890064e-01 3.762691618554648287e-01 1.077045590284690380e-01 3.217200875970535612e-01 3.882142146127812166e-01 6.032251642444753648e-01 5.257814055345411131e-01 4.385825204061318261e-01 4.959187736412501990e-01 5.671909217599043762e-01 6.561815648019112546e-01 5.789368903045988279e-01 3.742783197292454678e-01 5.436989846705156948e-01 6.450328488950826111e-01 6.621540911805694485e-01 6.725064702369102365e-01 6.814652598048974719e-01 6.742982281505076614e-01 6.846506072068484494e-01 6.922158072864821321e-01 6.878359546087995380e-01 6.896277125223969628e-01 6.711128807485566838e-01 6.796735018912999360e-01 6.870396177583117936e-01 6.860441966952021131e-01 6.792753334660560638e-01 6.864423651204459853e-01 9.655584312164045002e-02 0.000000000000000000e+00 0.000000000000000000e+00 0.000000000000000000e+00 0.000000000000000000e+00 0.000000000000000000e+00 0.000000000000000000e+00 0.000000000000000000e+00 0.000000000000000000e+00 0.000000000000000000e+00 0.000000000000000000e+00 0.000000000000000000e+00 0.000000000000000000e+00 0.000000000000000000e+00 0.000000000000000000e+00 0.000000000000000000e+00 0.000000000000000000e+00 0.000000000000000000e+00 0.000000000000000000e+00 0.000000000000000000e+00 0.000000000000000000e+00
6.695278969957081487e-03 6.160228898426323846e-02 2.637195994277539701e-01 3.111587982832618171e-01 2.292131616595136090e-01 1.957939914163089878e-01 2.091273247496423515e-01 2.602002861230329200e-01 1.762804005722460599e-01 2.366523605150214760e-01 3.368812589413447967e-01 3.640343347639484750e-01 3.767095851216022417e-01 3.274964234620886816e-01 3.721316165951358834e-01 4.490987124463519109e-01 5.069527896995708049e-01 4.781402002861230294e-01 4.418884120171673868e-01 4.999713876967096238e-01 5.821173104434906875e-01 5.957939914163090656e-01 5.926752503576537823e-01 6.510157367668097939e-01 6.982832618025751614e-01 6.864949928469242790e-01 6.804577968526466236e-01 7.055793991416309252e-01 6.894134477825465401e-01 6.017453505007153147e-01 5.449499284692417289e-01 0.000000000000000000e+00 0.000000000000000000e+00 0.000000000000000000e+00 0.000000000000000000e+00 0.000000000000000000e+00 0.000000000000000000e+00 0.000000000000000000e+00 0.000000000000000000e+00 0.000000000000000000e+00 0.000000000000000000e+00 0.000000000000000000e+00 0.000000000000000000e+00 0.000000000000000000e+00 0.000000000000000000e+00 0.000000000000000000e+00 0.000000000000000000e+00 0.000000000000000000e+00 0.000000000000000000e+00 0.000000000000000000e+00 0.000000000000000000e+00 0.000000000000000000e+00 5.295445219532211034e-01 5.403159622486662927e-01 6.618109697715770512e-01 6.912187115305703511e-01 6.334974695664067346e-01 5.400424018602105747e-01 3.852072219942552223e-01 2.429558199972643995e-01 1.200246204349610102e-01 2.312953084393379599e-01 2.885036246751470634e-01 2.637464095199014702e-01 3.316577759540418335e-01 3.267678840103953042e-01 3.020790589522636682e-01 3.141841061414307190e-01 4.032622076323348348e-01 4.080837094788674624e-01 3.131240596361646866e-01 2.978388729311995387e-01 3.693065244152646809e-01 4.321912187115306003e-01 3.717001778142524637e-01 3.862330734509643038e-01 4.837231568868827214e-01 4.805430173710846242e-01 3.817877171385583024e-01 2.193612364929558023e-01 5.341266584598549499e-02 6.633839420051975723e-03 1.149979482970865802e-01 0.000000000000000000e+00 0.000000000000000000e+00 0.000000000000000000e+00 0.000000000000000000e+00 0.000000000000000000e+00 0.000000000000000000e+00 0.000000000000000000e+00 0.000000000000000000e+00 0.000000000000000000e+00 0.000000000000000000e+00 0.000000000000000000e+00 0.000000000000000000e+00 0.000000000000000000e+00 0.000000000000000000e+00 0.000000000000000000e+00 0.000000000000000000e+00 0.000000000000000000e+00 0.000000000000000000e+00 0.000000000000000000e+00 0.000000000000000000e+00 0.000000000000000000e+00 8.061728395061728003e-01 9.012345679012345734e-01 8.814814814814815325e-01 8.518518518518518601e-01 8.518518518518518601e-01 8.641975308641974829e-01 8.567901234567901758e-01 8.530864197530864113e-01 8.320987654320988192e-01 8.456790123456789932e-01 8.641975308641974829e-01 8.641975308641974829e-01 8.530864197530864113e-01 8.518518518518518601e-01 8.456790123456789932e-01 8.555555555555555136e-01 8.592592592592592782e-01 8.703703703703703498e-01 8.753086419753086656e-01 8.691358024691357986e-01 8.580246913580247270e-01 8.592592592592592782e-01 8.654320987654321451e-01 8.728395061728394522e-01 8.864197530864197372e-01 8.913580246913580529e-01 9.086419753086419915e-01 9.111111111111110938e-01 9.148148148148148584e-01 9.024691358024691246e-01 8.962962962962962576e-01 0.000000000000000000e+00 0.000000000000000000e+00 0.000000000000000000e+00 0.000000000000000000e+00 0.000000000000000000e+00 0.000000000000000000e+00 0.000000000000000000e+00 0.000000000000000000e+00 0.000000000000000000e+00 0.000000000000000000e+00 0.000000000000000000e+00 0.000000000000000000e+00 0.000000000000000000e+00 0.000000000000000000e+00 0.000000000000000000e+00 0.000000000000000000e+00 0.000000000000000000e+00 0.000000000000000000e+00 0.000000000000000000e+00 0.000000000000000000e+00 0.000000000000000000e+00 4.875621890547263693e-01 6.368159203980099381e-01 6.442786069651741387e-01 6.368159203980099381e-01 6.243781094527363074e-01 6.268656716417910779e-01 6.343283582089552786e-01 6.517412935323383394e-01 6.766169154228856009e-01 6.616915422885571996e-01 6.592039800995025400e-01 6.716417910447761708e-01 6.840796019900498015e-01 6.840796019900498015e-01 6.616915422885571996e-01 6.542288557213929989e-01 6.766169154228856009e-01 6.890547263681592316e-01 6.840796019900498015e-01 6.840796019900498015e-01 6.865671641791044610e-01 6.840796019900498015e-01 6.840796019900498015e-01 6.940298507462686617e-01 6.990049751243780918e-01 7.089552238805970630e-01 6.965174129353234322e-01 7.089552238805970630e-01 7.263681592039801238e-01 7.437810945273631846e-01 7.462686567164179552e-01 0.000000000000000000e+00 0.000000000000000000e+00 0.000000000000000000e+00 0.000000000000000000e+00 0.000000000000000000e+00 0.000000000000000000e+00 0.000000000000000000e+00 0.000000000000000000e+00 0.000000000000000000e+00 0.000000000000000000e+00 0.000000000000000000e+00 0.000000000000000000e+00 0.000000000000000000e+00 0.000000000000000000e+00 0.000000000000000000e+00 0.000000000000000000e+00 0.000000000000000000e+00 0.000000000000000000e+00 0.000000000000000000e+00 0.000000000000000000e+00 0.000000000000000000e+00 9.536133784590881957e-02 3.400358351582719596e-01 3.627314353971729521e-01 3.354568982679673184e-01 3.012144136969938657e-01 3.213219191718096890e-01 3.917977304399761218e-01 5.644037427831972709e-01 6.362731435397173119e-01 3.611387616961975189e-01 3.689030459884531377e-01 4.115070674895480729e-01 4.288273939876567908e-01 4.353971730041807375e-01 3.392394983077842152e-01 4.019510252836950293e-01 4.443559625721679729e-01 4.815847103324706335e-01 4.987059526179573599e-01 5.476806689229544167e-01 5.516623531753932497e-01 5.604220585307585489e-01 5.749552060521601060e-01 5.876965956599641272e-01 5.952617957395978099e-01 6.056141747959385979e-01 6.183555644037428412e-01 6.392594067290464643e-01 6.346804698387418231e-01 5.673900059725263123e-01 5.552458690025879884e-01 0.000000000000000000e+00 0.000000000000000000e+00 0.000000000000000000e+00 0.000000000000000000e+00 0.000000000000000000e+00 0.000000000000000000e+00 0.000000000000000000e+00 0.000000000000000000e+00 0.000000000000000000e+00 0.000000000000000000e+00 0.000000000000000000e+00 0.000000000000000000e+00 0.000000000000000000e+00 0.000000000000000000e+00 0.000000000000000000e+00 0.000000000000000000e+00 0.000000000000000000e+00 0.000000000000000000e+00 0.000000000000000000e+00 0.000000000000000000e+00 0.000000000000000000e+00
6.494992846924177270e-03 1.354220314735336272e-01 3.472103004291845485e-01 3.785979971387696819e-01 2.961945636623748435e-01 3.154506437768240246e-01 2.988555078683833854e-01 2.897854077253218530e-01 4.054077253218884569e-01 4.627753934191702889e-01 4.646065808297568100e-01 4.849785407725321629e-01 5.603147353361945804e-01 6.083834048640915926e-01 5.689842632331902905e-01 5.428040057224606807e-01 6.292131616595135757e-01 7.184835479256079793e-01 7.195422031473533986e-01 7.122746781115879555e-01 7.677253218884119157e-01 8.254649499284691938e-01 8.264949928469241813e-01 8.241201716738197902e-01 8.337625178826895134e-01 8.076394849785407670e-01 6.770815450643776767e-01 5.609728183118740663e-01 2.420600858369098829e-01 0.000000000000000000e+00 0.000000000000000000e+00 0.000000000000000000e+00 0.000000000000000000e+00 0.000000000000000000e+00 0.000000000000000000e+00 0.000000000000000000e+00 0.000000000000000000e+00 0.000000000000000000e+00 0.000000000000000000e+00 0.000000000000000000e+00 0.000000000000000000e+00 0.000000000000000000e+00 0.000000000000000000e+00 0.000000000000000000e+00 0.000000000000000000e+00 0.000000000000000000e+00 0.000000000000000000e+00 0.000000000000000000e+00 0.000000000000000000e+00 0.000000000000000000e+00 0.000000000000000000e+00 0.000000000000000000e+00 6.278894816030639037e-01 6.710436328819586738e-01 7.501367801942278035e-01 7.869306524415264903e-01 7.070510190124469352e-01 5.632950348789494965e-01 4.314389276432772369e-01 4.068184926822596137e-01 4.397483244426206861e-01 4.482628915333060071e-01 5.362467514703871396e-01 4.892969498016687124e-01 4.829708658186294690e-01 5.426412255505402848e-01 5.439406373957050844e-01 4.628299822185747425e-01 4.618725208589796183e-01 5.381616741895772771e-01 5.929079469292846127e-01 4.840993024210094586e-01 4.964437149500752211e-01 6.153057037340993185e-01 6.300095746135959685e-01 5.328614416632471151e-01 3.115852824511010644e-01 1.048078238271098334e-01 9.437833401723430202e-03 8.907810149090411578e-02 7.916153740938311478e-02 0.000000000000000000e+00 0.000000000000000000e+00 0.000000000000000000e+00 0.000000000000000000e+00 0.000000000000000000e+00 0.000000000000000000e+00 0.000000000000000000e+00 0.000000000000000000e+00 0.000000000000000000e+00 0.000000000000000000e+00 0.000000000000000000e+00 0.000000000000000000e+00 0.000000000000000000e+00 0.000000000000000000e+00 0.000000000000000000e+00 0.000000000000000000e+00 0.000000000000000000e+00 0.000000000000000000e+00 0.000000000000000000e+00 0.000000000000000000e+00 0.000000000000000000e+00 0.000000000000000000e+00 0.000000000000000000e+00 7.987654320987653822e-01 7.962962962962962798e-01 8.259259259259259522e-01 8.802469135802468703e-01 9.012345679012345734e-01 8.950617283950617065e-01 8.839506172839506348e-01 8.777777777777777679e-01 8.777777777777777679e-01 8.753086419753086656e-01 8.666666666666666963e-01 8.716049382716049010e-01 8.777777777777777679e-01 8.876543209876542884e-01 9.098765432098765427e-01 9.135802469135801962e-01 9.111111111111110938e-01 9.111111111111110938e-01 9.246913580246913789e-01 9.407407407407407662e-01 9.407407407407407662e-01 9.481481481481481843e-01 9.469135802469136332e-01 9.604938271604938071e-01 9.654320987654321229e-01 9.543209876543209402e-01 9.345679012345678993e-01 9.185185185185185119e-01 3.604938271604938294e-01 0.000000000000000000e+00 0.000000000000000000e+00 0.000000000000000000e+00 0.000000000000000000e+00 0.000000000000000000e+00 0.000000000000000000e+00 0.000000000000000000e+00 0.000000000000000000e+00 0.000000000000000000e+00 0.000000000000000000e+00 0.000000000000000000e+00 0.000000000000000000e+00 0.000000000000000000e+00 0.000000000000000000e+00 0.000000000000000000e+00 0.000000000000000000e+00 0.000000000000000000e+00 0.000000000000000000e+00 0.000000000000000000e+00 0.000000000000000000e+00 0.000000000000000000e+00 0.000000000000000000e+00 0.000000000000000000e+00 5.223880597014924909e-01 5.597014925373133831e-01 5.845771144278606446e-01 6.144278606965174472e-01 6.218905472636815368e-01 6.318407960199005080e-01 6.442786069651741387e-01 6.542288557213929989e-01 6.592039800995025400e-01 6.741293532338308303e-01 6.890547263681592316e-01 6.865671641791044610e-01 6.840796019900498015e-01 6.915422885572138911e-01 6.965174129353234322e-01 6.965174129353234322e-01 6.965174129353234322e-01 7.039800995024875219e-01 7.064676616915422924e-01 6.990049751243780918e-01 7.039800995024875219e-01 7.139303482587064931e-01 7.213930348258706937e-01 7.139303482587064931e-01 7.189054726368159232e-01 7.462686567164179552e-01 7.786069651741293063e-01 7.885572139303482775e-01 3.134328358208955390e-01 0.000000000000000000e+00 0.000000000000000000e+00 0.000000000000000000e+00 0.000000000000000000e+00 0.000000000000000000e+00 0.000000000000000000e+00 0.000000000000000000e+00 0.000000000000000000e+00 0.000000000000000000e+00 0.000000000000000000e+00 0.000000000000000000e+00 0.000000000000000000e+00 0.000000000000000000e+00 0.000000000000000000e+00 0.000000000000000000e+00 0.000000000000000000e+00 0.000000000000000000e+00 0.000000000000000000e+00 0.000000000000000000e+00 0.000000000000000000e+00 0.000000000000000000e+00 0.000000000000000000e+00 0.000000000000000000e+00 3.997610989448536767e-01 4.162850885924745947e-01 4.210631096954011721e-01 2.092375074656579459e-01 3.430220983476010566e-01 3.746764881544893400e-01 6.243280907824010351e-01 4.483376468246067503e-01 4.885526577742385079e-01 5.638064901453314626e-01 6.482181962970336997e-01 5.389209635675890064e-01 5.803304797929523806e-01 5.870993430220983189e-01 6.082022695600238782e-01 6.179573959784988579e-01 6.366713119649611841e-01 6.374676488154489284e-01 6.372685646028269923e-01 6.428429225562412030e-01 6.440374278319729306e-01 6.306987855863029901e-01 6.338841329882539677e-01 6.370694803902050563e-01 6.394584909416682894e-01 6.199482381047182189e-01 5.391200477802110536e-01 5.795341429424647473e-01 1.865419072267569256e-01 0.000000000000000000e+00 0.000000000000000000e+00 0.000000000000000000e+00 0.000000000000000000e+00 0.000000000000000000e+00 0.000000000000000000e+00 0.000000000000000000e+00 0.000000000000000000e+00 0.000000000000000000e+00 0.000000000000000000e+00 0.000000000000000000e+00 0.000000000000000000e+00 0.000000000000000000e+00 0.000000000000000000e+00 0.000000000000000000e+00 0.000000000000000000e+00 0.000000000000000000e+00 0.000000000000000000e+00 0.000000000000000000e+00 0.000000000000000000e+00 0.000000000000000000e+00 0.000000000000000000e+00 0.000000000000000000e+00
5.007153075822603702e-03 7.587982832618025975e-02 2.286981402002861152e-01 3.005722460658082906e-01 2.492989985693848110e-01 2.526466380543633816e-01 3.043776824034334361e-01 2.650357653791129975e-01 1.743347639484978395e-01 2.296995708154506433e-01 3.278683834048641277e-01 3.789985693848354487e-01 4.364806866952789521e-01 4.503004291845493223e-01 4.107868383404864043e-01 5.159084406294706104e-01 5.752789699570814985e-01 5.925321888412017346e-01 5.408583690987124326e-01 5.484692417739628345e-01 6.459513590844062625e-01 6.920743919885551376e-01 6.811731044349069730e-01 7.135050071530757432e-01 7.755650929899856605e-01 7.820600858369098907e-01 7.652074391988555879e-01 7.808583690987124237e-01 8.005722460658083461e-01 7.485264663805436536e-01 6.160801144492130677e-01 5.470100143061515929e-01 0.000000000000000000e+00 0.000000000000000000e+00 0.000000000000000000e+00 0.000000000000000000e+00 0.000000000000000000e+00 0.000000000000000000e+00 0.000000000000000000e+00 0.000000000000000000e+00 0.000000000000000000e+00 0.000000000000000000e+00 0.000000000000000000e+00 0.000000000000000000e+00 0.000000000000000000e+00 0.000000000000000000e+00 0.000000000000000000e+00 0.000000000000000000e+00 0.000000000000000000e+00 0.000000000000000000e+00 0.000000000000000000e+00 0.000000000000000000e+00 6.133565859663521191e-01 6.380112159759266932e-01 7.364245657228832842e-01 8.001641362330734752e-01 7.373478320339215131e-01 6.117152236356175887e-01 4.620434961017644837e-01 3.369238134318150446e-01 2.698673232115989529e-01 3.812405963616468663e-01 4.759950759130077702e-01 4.311995623033784697e-01 4.172137874435781213e-01 5.041376008753931659e-01 4.824237450417179218e-01 4.329777048283408591e-01 4.806797975653125388e-01 5.575844617699357020e-01 5.049582820407605421e-01 4.273013267678839600e-01 5.080016413623307248e-01 5.948228696484748612e-01 5.034878949528108771e-01 4.789700451374641066e-01 6.015592942141977373e-01 6.499110928737518167e-01 6.005334427574887668e-01 4.582820407604978885e-01 2.413828477636437986e-01 6.962111886198878163e-02 1.897825194911776855e-02 1.378402407331418555e-01 0.000000000000000000e+00 0.000000000000000000e+00 0.000000000000000000e+00 0.000000000000000000e+00 0.000000000000000000e+00 0.000000000000000000e+00 0.000000000000000000e+00 0.000000000000000000e+00 0.000000000000000000e+00 0.000000000000000000e+00 0.000000000000000000e+00 0.000000000000000000e+00 0.000000000000000000e+00 0.000000000000000000e+00 0.000000000000000000e+00 0.000000000000000000e+00 0.000000000000000000e+00 0.000000000000000000e+00 0.000000000000000000e+00 0.000000000000000000e+00 7.432098765432099130e-01 7.728395061728394744e-01 8.111111111111111160e-01 8.469135802469135443e-01 8.617283950617283805e-01 8.567901234567901758e-01 8.543209876543209624e-01 8.419753086419753396e-01 8.234567901234567389e-01 8.148148148148147696e-01 8.148148148148147696e-01 8.148148148148147696e-01 8.271604938271605034e-01 8.333333333333333703e-01 8.345679012345679215e-01 8.283950617283950546e-01 8.370370370370370239e-01 8.518518518518518601e-01 8.567901234567901758e-01 8.629629629629629317e-01 8.641975308641974829e-01 8.629629629629629317e-01 8.753086419753086656e-01 8.814814814814815325e-01 8.901234567901235017e-01 9.024691358024691246e-01 9.160493827160494096e-01 9.283950617283950324e-01 9.259259259259259300e-01 9.135802469135801962e-01 8.962962962962962576e-01 8.876543209876542884e-01 0.000000000000000000e+00 0.000000000000000000e+00 0.000000000000000000e+00 0.000000000000000000e+00 0.000000000000000000e+00 0.000000000000000000e+00 0.000000000000000000e+00 0.000000000000000000e+00 0.000000000000000000e+00 0.000000000000000000e+00 0.000000000000000000e+00 0.000000000000000000e+00 0.000000000000000000e+00 0.000000000000000000e+00 0.000000000000000000e+00 0.000000000000000000e+00 0.000000000000000000e+00 0.000000000000000000e+00 0.000000000000000000e+00 0.000000000000000000e+00 5.920398009950248452e-01 6.393034825870647087e-01 6.691542288557214002e-01 6.716417910447761708e-01 6.467661691542289093e-01 6.343283582089552786e-01 6.517412935323383394e-01 6.766169154228856009e-01 6.990049751243780918e-01 7.089552238805970630e-01 7.039800995024875219e-01 6.840796019900498015e-01 6.840796019900498015e-01 6.840796019900498015e-01 6.815920398009950310e-01 6.840796019900498015e-01 6.915422885572138911e-01 7.164179104477611526e-01 7.114427860696517225e-01 6.990049751243780918e-01 6.965174129353234322e-01 7.089552238805970630e-01 7.139303482587064931e-01 7.213930348258706937e-01 7.338308457711443245e-01 7.388059701492537545e-01 7.313432835820895539e-01 7.238805970149253532e-01 7.537313432835820448e-01 7.860696517412935069e-01 8.059701492537313383e-01 8.009950248756219082e-01 0.000000000000000000e+00 0.000000000000000000e+00 0.000000000000000000e+00 0.000000000000000000e+00 0.000000000000000000e+00 0.000000000000000000e+00 0.000000000000000000e+00 0.000000000000000000e+00 0.000000000000000000e+00 0.000000000000000000e+00 0.000000000000000000e+00 0.000000000000000000e+00 0.000000000000000000e+00 0.000000000000000000e+00 0.000000000000000000e+00 0.000000000000000000e+00 0.000000000000000000e+00 0.000000000000000000e+00 0.000000000000000000e+00 0.000000000000000000e+00 3.870197093370496000e-01 4.156878359546087864e-01 4.176786780808282029e-01 3.985665936691220046e-01 3.894087198885128331e-01 3.884132988254031527e-01 4.206649412701572999e-01 5.403145530559425591e-01 4.278319729245471104e-01 1.447342225761497070e-01 2.894684451522994140e-01 4.509257415886920306e-01 5.014931315946645762e-01 5.594266374676487574e-01 4.676488154489348847e-01 5.130400159267369808e-01 5.217997212821023911e-01 5.861039219589886384e-01 5.940672904638661933e-01 6.099940274736213031e-01 6.135775433008162638e-01 6.151702170017917526e-01 6.352777224766076314e-01 6.358749751144733287e-01 6.440374278319729306e-01 6.585705753533744877e-01 6.619550069679474014e-01 6.655385227951423621e-01 6.653394385825203150e-01 6.641449333067888094e-01 6.470236910213019721e-01 5.675890901851483594e-01 0.000000000000000000e+00 0.000000000000000000e+00 0.000000000000000000e+00 0.000000000000000000e+00 0.000000000000000000e+00 0.000000000000000000e+00 0.000000000000000000e+00 0.000000000000000000e+00 0.000000000000000000e+00 0.000000000000000000e+00 0.000000000000000000e+00 0.000000000000000000e+00 0.000000000000000000e+00 0.000000000000000000e+00 0.000000000000000000e+00 0.000000000000000000e+00 0.000000000000000000e+00 0.000000000000000000e+00 0.000000000000000000e+00 0.000000000000000000e+00
7.525035765379113617e-03 1.321602288984263240e-01 2.971387696709585358e-01 2.712446351931330213e-01 2.453505007153075901e-01 2.532188841201716833e-01 1.672961373390557949e-01 3.375679542203147143e-01 3.652932761087267499e-01 4.260371959942775288e-01 3.731616595135908709e-01 4.751645207439199048e-01 5.384835479256080415e-01 5.717024320457796405e-01 5.101573676680972724e-01 5.122746781115879999e-01 6.231473533619457106e-01 6.763948497854077591e-01 6.719599427753933929e-01 7.164234620886981153e-01 7.737625178826895711e-01 7.648927038626609498e-01 7.441487839771102619e-01 7.651788268955651562e-01 7.248068669527896191e-01 5.949928469241774209e-01 3.170529327610872583e-01 0.000000000000000000e+00 0.000000000000000000e+00 0.000000000000000000e+00 0.000000000000000000e+00 0.000000000000000000e+00 0.000000000000000000e+00 0.000000000000000000e+00 0.000000000000000000e+00 0.000000000000000000e+00 0.000000000000000000e+00 0.000000000000000000e+00 0.000000000000000000e+00 0.000000000000000000e+00 0.000000000000000000e+00 0.000000000000000000e+00 0.000000000000000000e+00 0.000000000000000000e+00 0.000000000000000000e+00 0.000000000000000000e+00 0.000000000000000000e+00 0.000000000000000000e+00 0.000000000000000000e+00 0.000000000000000000e+00 0.000000000000000000e+00 0.000000000000000000e+00 7.052728764874846012e-01 7.554712077691150274e-01 8.292641225550539952e-01 7.664820134044589839e-01 5.987894952810832727e-01 4.268225960880864256e-01 3.171590753658869999e-01 4.964437149500752211e-01 4.127342360826152246e-01 4.785255095062235231e-01 5.345369990425385964e-01 4.112638489946655596e-01 4.727465463000957158e-01 5.680481466283682224e-01 5.094378334017234389e-01 4.265148406510737011e-01 5.022568732047598683e-01 5.857269867323211532e-01 4.969224456298728110e-01 4.781835590206538478e-01 6.066885514977431448e-01 6.475174394747640338e-01 5.320749555464369118e-01 2.889139652578306405e-01 7.078375051292572218e-02 1.378060456845848526e-02 6.671453973464641640e-02 0.000000000000000000e+00 0.000000000000000000e+00 0.000000000000000000e+00 0.000000000000000000e+00 0.000000000000000000e+00 0.000000000000000000e+00 0.000000000000000000e+00 0.000000000000000000e+00 0.000000000000000000e+00 0.000000000000000000e+00 0.000000000000000000e+00 0.000000000000000000e+00 0.000000000000000000e+00 0.000000000000000000e+00 0.000000000000000000e+00 0.000000000000000000e+00 0.000000000000000000e+00 0.000000000000000000e+00 0.000000000000000000e+00 0.000000000000000000e+00 0.000000000000000000e+00 0.000000000000000000e+00 0.000000000000000000e+00 0.000000000000000000e+00 0.000000000000000000e+00 8.567901234567901758e-01 8.395061728395061262e-01 8.419753086419753396e-01 8.592592592592592782e-01 8.629629629629629317e-01 8.555555555555555136e-01 8.407407407407407884e-01 8.580246913580247270e-01 8.506172839506173089e-01 8.308641975308641570e-01 8.222222222222221877e-01 8.580246913580247270e-01 8.716049382716049010e-01 8.654320987654321451e-01 8.641975308641974829e-01 8.580246913580247270e-01 8.530864197530864113e-01 8.604938271604938294e-01 8.790123456790123191e-01 8.925925925925926041e-01 8.901234567901235017e-01 8.827160493827160836e-01 8.827160493827160836e-01 8.888888888888888395e-01 8.888888888888888395e-01 8.839506172839506348e-01 5.296296296296296724e-01 0.000000000000000000e+00 0.000000000000000000e+00 0.000000000000000000e+00 0.000000000000000000e+00 0.000000000000000000e+00 0.000000000000000000e+00 0.000000000000000000e+00 0.000000000000000000e+00 0.000000000000000000e+00 0.000000000000000000e+00 0.000000000000000000e+00 0.000000000000000000e+00 0.000000000000000000e+00 0.000000000000000000e+00 0.000000000000000000e+00 0.000000000000000000e+00 0.000000000000000000e+00 0.000000000000000000e+00 0.000000000000000000e+00 0.000000000000000000e+00 0.000000000000000000e+00 0.000000000000000000e+00 0.000000000000000000e+00 0.000000000000000000e+00 0.000000000000000000e+00 5.796019900497512145e-01 5.895522388059701857e-01 6.119402985074626766e-01 6.417910447761193682e-01 6.467661691542289093e-01 6.616915422885571996e-01 6.865671641791044610e-01 6.840796019900498015e-01 6.716417910447761708e-01 6.791044776119402604e-01 6.741293532338308303e-01 6.343283582089552786e-01 6.417910447761193682e-01 6.616915422885571996e-01 6.716417910447761708e-01 6.716417910447761708e-01 6.741293532338308303e-01 6.840796019900498015e-01 6.965174129353234322e-01 6.965174129353234322e-01 6.965174129353234322e-01 6.965174129353234322e-01 6.915422885572138911e-01 6.990049751243780918e-01 7.164179104477611526e-01 7.313432835820895539e-01 4.402985074626865614e-01 0.000000000000000000e+00 0.000000000000000000e+00 0.000000000000000000e+00 0.000000000000000000e+00 0.000000000000000000e+00 0.000000000000000000e+00 0.000000000000000000e+00 0.000000000000000000e+00 0.000000000000000000e+00 0.000000000000000000e+00 0.000000000000000000e+00 0.000000000000000000e+00 0.000000000000000000e+00 0.000000000000000000e+00 0.000000000000000000e+00 0.000000000000000000e+00 0.000000000000000000e+00 0.000000000000000000e+00 0.000000000000000000e+00 0.000000000000000000e+00 0.000000000000000000e+00 0.000000000000000000e+00 0.000000000000000000e+00 0.000000000000000000e+00 0.000000000000000000e+00 3.485964563010153228e-01 3.617360143340632717e-01 3.324706350786382769e-01 1.435397173004180627e-01 2.277523392394983082e-01 4.778021102926537922e-01 5.152299422655783889e-01 2.235715707744375669e-01 2.803105713716902425e-01 4.316145729643639517e-01 4.875572367111288274e-01 5.763487955405136587e-01 5.446944057336253753e-01 5.646028269958193180e-01 5.642046585705753348e-01 5.890901851483176799e-01 5.960581325900855543e-01 6.076050169221580699e-01 6.322914592872785899e-01 6.535934700378259743e-01 6.500099542106311246e-01 6.442365120445948667e-01 6.488154489348993970e-01 6.514035436989846772e-01 6.440374278319729306e-01 6.115867011745967918e-01 3.113677085407127176e-01 0.000000000000000000e+00 0.000000000000000000e+00 0.000000000000000000e+00 0.000000000000000000e+00 0.000000000000000000e+00 0.000000000000000000e+00 0.000000000000000000e+00 0.000000000000000000e+00 0.000000000000000000e+00 0.000000000000000000e+00 0.000000000000000000e+00 0.000000000000000000e+00 0.000000000000000000e+00 0.000000000000000000e+00 0.000000000000000000e+00 0.000000000000000000e+00 0.000000000000000000e+00 0.000000000000000000e+00 0.000000000000000000e+00 0.000000000000000000e+00 0.000000000000000000e+00 0.000000000000000000e+00 0.000000000000000000e+00 0.000000000000000000e+00 0.000000000000000000e+00
7.839771101573677139e-03 8.929899856938483538e-02 2.847782546494992961e-01 3.164806866952789566e-01 2.545636623748211980e-01 2.597997138769670977e-01 2.878111587982832287e-01 2.063519313304721103e-01 2.084978540772532418e-01 3.024606580829756752e-01 3.329327610872674925e-01 3.979113018597997264e-01 4.154792560801144341e-01 3.406866952789699976e-01 4.075250357653790734e-01 4.836051502145922720e-01 5.406294706723890897e-01 5.034334763948498104e-01 4.728469241773962661e-01 5.652360515021459531e-01 6.458082975679542148e-01 6.331616595135908243e-01 6.471530758226037294e-01 7.291559370529328010e-01 7.454363376251789131e-01 7.117882689556508380e-01 7.287267525035765470e-01 7.811158798283261984e-01 7.386838340486409082e-01 5.889270386266094448e-01 4.377682403433476588e-01 0.000000000000000000e+00 0.000000000000000000e+00 0.000000000000000000e+00 0.000000000000000000e+00 0.000000000000000000e+00 0.000000000000000000e+00 0.000000000000000000e+00 0.000000000000000000e+00 0.000000000000000000e+00 0.000000000000000000e+00 0.000000000000000000e+00 0.000000000000000000e+00 0.000000000000000000e+00 0.000000000000000000e+00 0.000000000000000000e+00 0.000000000000000000e+00 0.000000000000000000e+00 0.000000000000000000e+00 0.000000000000000000e+00 0.000000000000000000e+00 0.000000000000000000e+00 6.294282587881274704e-01 6.537751333606893756e-01 7.453152783476951759e-01 7.530091642730132317e-01 6.729243605525919714e-01 5.399740117630966729e-01 3.679387224729859240e-01 2.545479414580768540e-01 3.564149911092873713e-01 4.362946245383668709e-01 3.817877171385583024e-01 3.717685679113664210e-01 4.736014225140199319e-01 4.609150594993844940e-01 4.193338804541102416e-01 4.313021474490493223e-01 5.197989331144849956e-01 5.106346601012172748e-01 4.099644371495007600e-01 4.478867459991792699e-01 5.651415675010258433e-01 5.377855286554507064e-01 4.390302284229243845e-01 5.384352345780331062e-01 6.456025167555737854e-01 6.143482423745041388e-01 4.975379565038982044e-01 2.490767336889618266e-01 6.544932293803856771e-02 1.634523321023115608e-02 1.221789084940500675e-01 0.000000000000000000e+00 0.000000000000000000e+00 0.000000000000000000e+00 0.000000000000000000e+00 0.000000000000000000e+00 0.000000000000000000e+00 0.000000000000000000e+00 0.000000000000000000e+00 0.000000000000000000e+00 0.000000000000000000e+00 0.000000000000000000e+00 0.000000000000000000e+00 0.000000000000000000e+00 0.000000000000000000e+00 0.000000000000000000e+00 0.000000000000000000e+00 0.000000000000000000e+00 0.000000000000000000e+00 0.000000000000000000e+00 0.000000000000000000e+00 0.000000000000000000e+00 8.333333333333333703e-01 8.283950617283950546e-01 8.333333333333333703e-01 8.308641975308641570e-01 8.419753086419753396e-01 8.456790123456789932e-01 8.407407407407407884e-01 8.308641975308641570e-01 8.172839506172839830e-01 8.123456790123456672e-01 8.135802469135802184e-01 8.259259259259259522e-01 8.308641975308641570e-01 8.419753086419753396e-01 8.370370370370370239e-01 8.382716049382715751e-01 8.543209876543209624e-01 8.679012345679012475e-01 8.802469135802468703e-01 8.753086419753086656e-01 8.666666666666666963e-01 8.790123456790123191e-01 8.888888888888888395e-01 8.950617283950617065e-01 8.975308641975308088e-01 9.111111111111110938e-01 9.185185185185185119e-01 9.234567901234568277e-01 9.148148148148148584e-01 9.049382716049382269e-01 7.160493827160493430e-01 0.000000000000000000e+00 0.000000000000000000e+00 0.000000000000000000e+00 0.000000000000000000e+00 0.000000000000000000e+00 0.000000000000000000e+00 0.000000000000000000e+00 0.000000000000000000e+00 0.000000000000000000e+00 0.000000000000000000e+00 0.000000000000000000e+00 0.000000000000000000e+00 0.000000000000000000e+00 0.000000000000000000e+00 0.000000000000000000e+00 0.000000000000000000e+00 0.000000000000000000e+00 0.000000000000000000e+00 0.000000000000000000e+00 0.000000000000000000e+00 0.000000000000000000e+00 6.194029850746268773e-01 6.343283582089552786e-01 6.467661691542289093e-01 6.368159203980099381e-01 6.218905472636815368e-01 6.268656716417910779e-01 6.442786069651741387e-01 6.691542288557214002e-01 6.840796019900498015e-01 6.815920398009950310e-01 6.716417910447761708e-01 6.741293532338308303e-01 6.840796019900498015e-01 6.791044776119402604e-01 6.592039800995025400e-01 6.766169154228856009e-01 6.840796019900498015e-01 6.915422885572138911e-01 6.865671641791044610e-01 6.840796019900498015e-01 6.840796019900498015e-01 6.915422885572138911e-01 6.965174129353234322e-01 6.965174129353234322e-01 6.965174129353234322e-01 6.965174129353234322e-01 6.965174129353234322e-01 7.089552238805970630e-01 7.363184079601989840e-01 7.636815920398010160e-01 6.119402985074626766e-01 0.000000000000000000e+00 0.000000000000000000e+00 0.000000000000000000e+00 0.000000000000000000e+00 0.000000000000000000e+00 0.000000000000000000e+00 0.000000000000000000e+00 0.000000000000000000e+00 0.000000000000000000e+00 0.000000000000000000e+00 0.000000000000000000e+00 0.000000000000000000e+00 0.000000000000000000e+00 0.000000000000000000e+00 0.000000000000000000e+00 0.000000000000000000e+00 0.000000000000000000e+00 0.000000000000000000e+00 0.000000000000000000e+00 0.000000000000000000e+00 0.000000000000000000e+00 3.008162452717499380e-01 4.152896675293649142e-01 4.184750149313158918e-01 3.505872984272346837e-01 3.424248457097351928e-01 4.176786780808282029e-01 5.735616165638065533e-01 7.180967549273342687e-01 2.199880549472426894e-01 2.896675293649213501e-01 5.440971530957595670e-01 6.058132590085606450e-01 6.689229544097152758e-01 6.173601433406331607e-01 3.143539717300418146e-01 4.194704359944256278e-01 4.754130997411905590e-01 5.389209635675890064e-01 5.761497113278916116e-01 6.064105116464264533e-01 6.115867011745967918e-01 6.484172805096555248e-01 6.713119649611785089e-01 6.659366912203862343e-01 6.436392594067290585e-01 6.342823014134979509e-01 6.464264383834361638e-01 6.510053752737408050e-01 5.865020903842325106e-01 5.365319530161257733e-01 3.533744774039418446e-01 0.000000000000000000e+00 0.000000000000000000e+00 0.000000000000000000e+00 0.000000000000000000e+00 0.000000000000000000e+00 0.000000000000000000e+00 0.000000000000000000e+00 0.000000000000000000e+00 0.000000000000000000e+00 0.000000000000000000e+00 0.000000000000000000e+00 0.000000000000000000e+00 0.000000000000000000e+00 0.000000000000000000e+00 0.000000000000000000e+00 0.000000000000000000e+00 0.000000000000000000e+00 0.000000000000000000e+00 0.000000000000000000e+00 0.000000000000000000e+00 0.000000000000000000e+00
1.015736766809728110e-02 1.152217453505007122e-01 2.328469241773962750e-01 2.205150214592274671e-01 1.878111587982832509e-01 2.274105865522174363e-01 2.012875536480686622e-01 1.173962804005722477e-01 2.735050071530757965e-01 3.060371959942775333e-01 3.359084406294706726e-01 3.131044349070100097e-01 3.462088698140200482e-01 4.583118741058654910e-01 4.864663805436337807e-01 4.437195994277539079e-01 5.017167381974249052e-01 6.093276108726751739e-01 5.959370529327611132e-01 6.301573676680972680e-01 7.074105865522174463e-01 6.922746781115879378e-01 6.795994277539341155e-01 7.211444921316165768e-01 6.955650929899857005e-01 5.584263233190271958e-01 4.081831187410586148e-01 0.000000000000000000e+00 0.000000000000000000e+00 0.000000000000000000e+00 0.000000000000000000e+00 0.000000000000000000e+00 0.000000000000000000e+00 0.000000000000000000e+00 0.000000000000000000e+00 0.000000000000000000e+00 0.000000000000000000e+00 0.000000000000000000e+00 0.000000000000000000e+00 0.000000000000000000e+00 0.000000000000000000e+00 0.000000000000000000e+00 0.000000000000000000e+00 0.000000000000000000e+00 0.000000000000000000e+00 0.000000000000000000e+00 0.000000000000000000e+00 0.000000000000000000e+00 0.000000000000000000e+00 0.000000000000000000e+00 0.000000000000000000e+00 0.000000000000000000e+00 7.944535631240596807e-01 8.447202845028040086e-01 9.191287101627684253e-01 9.048693749145122478e-01 8.084735330324169800e-01 6.103132266447818255e-01 4.284981534673779069e-01 3.784707974285323462e-01 5.923608261523730656e-01 5.279715497196005858e-01 5.594651894405689996e-01 6.664956914238817642e-01 5.649363972096840270e-01 6.221105183969360963e-01 6.989467925044453578e-01 5.906510737245246334e-01 5.942415538230063632e-01 7.241827383394884299e-01 6.638284776364381523e-01 6.345917111202297178e-01 7.577280809738750067e-01 8.037546163315552050e-01 6.947066064833811172e-01 3.989878265627136988e-01 9.547257557105730263e-02 3.330597729448776106e-02 2.104021337710299255e-01 0.000000000000000000e+00 0.000000000000000000e+00 0.000000000000000000e+00 0.000000000000000000e+00 0.000000000000000000e+00 0.000000000000000000e+00 0.000000000000000000e+00 0.000000000000000000e+00 0.000000000000000000e+00 0.000000000000000000e+00 0.000000000000000000e+00 0.000000000000000000e+00 0.000000000000000000e+00 0.000000000000000000e+00 0.000000000000000000e+00 0.000000000000000000e+00 0.000000000000000000e+00 0.000000000000000000e+00 0.000000000000000000e+00 0.000000000000000000e+00 0.000000000000000000e+00 0.000000000000000000e+00 0.000000000000000000e+00 0.000000000000000000e+00 0.000000000000000000e+00 8.395061728395061262e-01 8.382716049382715751e-01 8.345679012345679215e-01 8.382716049382715751e-01 8.555555555555555136e-01 8.530864197530864113e-01 8.333333333333333703e-01 8.086419753086420137e-01 8.024691358024691468e-01 8.061728395061728003e-01 8.061728395061728003e-01 8.061728395061728003e-01 8.111111111111111160e-01 8.086419753086420137e-01 8.185185185185185341e-01 8.271604938271605034e-01 8.320987654320988192e-01 8.333333333333333703e-01 8.382716049382715751e-01 8.395061728395061262e-01 8.518518518518518601e-01 8.555555555555555136e-01 8.703703703703703498e-01 8.691358024691357986e-01 8.530864197530864113e-01 7.827160493827159948e-01 6.074074074074073959e-01 0.000000000000000000e+00 0.000000000000000000e+00 0.000000000000000000e+00 0.000000000000000000e+00 0.000000000000000000e+00 0.000000000000000000e+00 0.000000000000000000e+00 0.000000000000000000e+00 0.000000000000000000e+00 0.000000000000000000e+00 0.000000000000000000e+00 0.000000000000000000e+00 0.000000000000000000e+00 0.000000000000000000e+00 0.000000000000000000e+00 0.000000000000000000e+00 0.000000000000000000e+00 0.000000000000000000e+00 0.000000000000000000e+00 0.000000000000000000e+00 0.000000000000000000e+00 0.000000000000000000e+00 0.000000000000000000e+00 0.000000000000000000e+00 0.000000000000000000e+00 5.920398009950248452e-01 6.169154228855721067e-01 6.393034825870647087e-01 6.641791044776119701e-01 6.492537313432835688e-01 6.716417910447761708e-01 6.890547263681592316e-01 7.139303482587064931e-01 7.213930348258706937e-01 7.139303482587064931e-01 7.039800995024875219e-01 6.965174129353234322e-01 6.915422885572138911e-01 6.965174129353234322e-01 7.064676616915422924e-01 7.089552238805970630e-01 7.189054726368159232e-01 7.213930348258706937e-01 7.213930348258706937e-01 7.412935323383084141e-01 7.462686567164179552e-01 7.537313432835820448e-01 7.587064676616915859e-01 7.736318407960198762e-01 8.184079601990049690e-01 8.855721393034825528e-01 7.164179104477611526e-01 0.000000000000000000e+00 0.000000000000000000e+00 0.000000000000000000e+00 0.000000000000000000e+00 0.000000000000000000e+00 0.000000000000000000e+00 0.000000000000000000e+00 0.000000000000000000e+00 0.000000000000000000e+00 0.000000000000000000e+00 0.000000000000000000e+00 0.000000000000000000e+00 0.000000000000000000e+00 0.000000000000000000e+00 0.000000000000000000e+00 0.000000000000000000e+00 0.000000000000000000e+00 0.000000000000000000e+00 0.000000000000000000e+00 0.000000000000000000e+00 0.000000000000000000e+00 0.000000000000000000e+00 0.000000000000000000e+00 0.000000000000000000e+00 0.000000000000000000e+00 4.634680469838741712e-01 4.672506470236910125e-01 4.656579733227155238e-01 4.347999203663149292e-01 4.590881943061915216e-01 5.068684053354568508e-01 6.054150905833167728e-01 5.092574158869201950e-01 3.117658769659565898e-01 3.999601831574756128e-01 5.148317738403345167e-01 6.159665538522794970e-01 4.977105315548476794e-01 5.843121640453912136e-01 6.396575751542902255e-01 6.382639856659366728e-01 6.430420067688632502e-01 6.639458490941667623e-01 6.770854071272148778e-01 7.208839339040414851e-01 7.294445550467847372e-01 7.252637865817240792e-01 7.292454708341629122e-01 7.407923551662353168e-01 7.678678080828189589e-01 7.605016922158073234e-01 5.472825004977104335e-01 0.000000000000000000e+00 0.000000000000000000e+00 0.000000000000000000e+00 0.000000000000000000e+00 0.000000000000000000e+00 0.000000000000000000e+00 0.000000000000000000e+00 0.000000000000000000e+00 0.000000000000000000e+00 0.000000000000000000e+00 0.000000000000000000e+00 0.000000000000000000e+00 0.000000000000000000e+00 0.000000000000000000e+00 0.000000000000000000e+00 0.000000000000000000e+00 0.000000000000000000e+00 0.000000000000000000e+00 0.000000000000000000e+00 0.000000000000000000e+00 0.000000000000000000e+00 0.000000000000000000e+00 0.000000000000000000e+00 0.000000000000000000e+00 0.000000000000000000e+00
4.609442060085836707e-02 1.903004291845493690e-01 2.622603719599427841e-01 2.565665236051502540e-01 2.390844062947067306e-01 2.335622317596566522e-01 2.383118741058655177e-01 2.042346208869813828e-01 1.505579399141631081e-01 1.742203147353361958e-01 3.005150214592274271e-01 3.546208869814020392e-01 3.769384835479256401e-01 4.039484978540772153e-01 4.266380543633762068e-01 3.918168812589413741e-01 3.782832618025750993e-01 4.438340486409155794e-01 5.126466380543633905e-01 5.437195994277539413e-01 6.268955650929899370e-01 6.731902718168812916e-01 6.297281831187411250e-01 5.767668097281830608e-01 5.653791130185980007e-01 6.278111587982831976e-01 7.229470672389126662e-01 7.610872675250357489e-01 7.739341917024320505e-01 7.839198855507868435e-01 8.017453505007152703e-01 8.421173104434906964e-01 8.890987124463519686e-01 8.845779685264663073e-01 8.727610872675251041e-01 8.465808297567954943e-01 7.878111587982833397e-01 7.139055793991415655e-01 1.381974248927038684e-01 0.000000000000000000e+00 0.000000000000000000e+00 0.000000000000000000e+00 0.000000000000000000e+00 0.000000000000000000e+00 0.000000000000000000e+00 0.000000000000000000e+00 0.000000000000000000e+00 0.000000000000000000e+00 0.000000000000000000e+00 0.000000000000000000e+00 0.000000000000000000e+00 0.000000000000000000e+00 6.523389413212966614e-01 7.282861441663247559e-01 7.737313636985363452e-01 7.739707290384352234e-01 7.104021337710298978e-01 5.773491998358637467e-01 4.159827656955272790e-01 2.911366434140336135e-01 2.743468745725618496e-01 3.465326220763233489e-01 4.040144987005881427e-01 3.996375324852961541e-01 3.620229790726303132e-01 3.284776364382437364e-01 3.867118041307618936e-01 4.039803036520311919e-01 3.692723293667077300e-01 3.631856107235671982e-01 3.999110928737518722e-01 3.798044043222541521e-01 4.154014498700587810e-01 4.851593489262754355e-01 5.152851867049651480e-01 4.620093010532074773e-01 3.621255642183011658e-01 3.131924497332785884e-01 3.538503624675146675e-01 4.098618520038297963e-01 4.706948433866776083e-01 4.677198741622212719e-01 4.289426890986185459e-01 4.599234030912323634e-01 5.421966899192995903e-01 4.955204486390370477e-01 3.266311038161674452e-01 9.277116673505676758e-02 4.479551360962932306e-03 4.048693749145124143e-02 1.805498563807960560e-02 0.000000000000000000e+00 0.000000000000000000e+00 0.000000000000000000e+00 0.000000000000000000e+00 0.000000000000000000e+00 0.000000000000000000e+00 0.000000000000000000e+00 0.000000000000000000e+00 0.000000000000000000e+00 0.000000000000000000e+00 0.000000000000000000e+00 0.000000000000000000e+00 0.000000000000000000e+00 8.580246913580247270e-01 8.580246913580247270e-01 8.617283950617283805e-01 8.728395061728394522e-01 8.765432098765432167e-01 8.802469135802468703e-01 8.728395061728394522e-01 8.629629629629629317e-01 8.530864197530864113e-01 8.456790123456789932e-01 8.432098765432098908e-01 8.432098765432098908e-01 8.469135802469135443e-01 8.604938271604938294e-01 8.716049382716049010e-01 8.592592592592592782e-01 8.580246913580247270e-01 8.592592592592592782e-01 8.691358024691357986e-01 8.666666666666666963e-01 8.703703703703703498e-01 8.765432098765432167e-01 8.864197530864197372e-01 8.888888888888888395e-01 8.864197530864197372e-01 8.790123456790123191e-01 8.827160493827160836e-01 8.790123456790123191e-01 8.765432098765432167e-01 8.703703703703703498e-01 8.716049382716049010e-01 8.703703703703703498e-01 8.802469135802468703e-01 8.864197530864197372e-01 8.888888888888888395e-01 8.765432098765432167e-01 8.259259259259259522e-01 7.641975308641975051e-01 1.456790123456790098e-01 0.000000000000000000e+00 0.000000000000000000e+00 0.000000000000000000e+00 0.000000000000000000e+00 0.000000000000000000e+00 0.000000000000000000e+00 0.000000000000000000e+00 0.000000000000000000e+00 0.000000000000000000e+00 0.000000000000000000e+00 0.000000000000000000e+00 0.000000000000000000e+00 0.000000000000000000e+00 5.597014925373133831e-01 5.597014925373133831e-01 5.597014925373133831e-01 5.497512437810945229e-01 5.472636815920397524e-01 5.572139303482587236e-01 5.671641791044775838e-01 5.771144278606965550e-01 5.820895522388059851e-01 5.721393034825870139e-01 5.721393034825870139e-01 5.721393034825870139e-01 5.746268656716417844e-01 5.820895522388059851e-01 5.895522388059701857e-01 5.870646766169154152e-01 5.845771144278606446e-01 5.845771144278606446e-01 5.845771144278606446e-01 5.945273631840796158e-01 5.995024875621890459e-01 6.094527363184079061e-01 6.019900497512438164e-01 5.970149253731342753e-01 5.970149253731342753e-01 5.895522388059701857e-01 5.970149253731342753e-01 5.970149253731342753e-01 5.970149253731342753e-01 6.094527363184079061e-01 6.094527363184079061e-01 6.218905472636815368e-01 6.218905472636815368e-01 6.144278606965174472e-01 6.119402985074626766e-01 6.467661691542289093e-01 7.089552238805970630e-01 7.537313432835820448e-01 1.542288557213930267e-01 0.000000000000000000e+00 0.000000000000000000e+00 0.000000000000000000e+00 0.000000000000000000e+00 0.000000000000000000e+00 0.000000000000000000e+00 0.000000000000000000e+00 0.000000000000000000e+00 0.000000000000000000e+00 0.000000000000000000e+00 0.000000000000000000e+00 0.000000000000000000e+00 0.000000000000000000e+00 9.695401154688433609e-02 1.399562014732231574e-01 2.042604021501094880e-01 2.514433605415090645e-01 2.695600238901055268e-01 2.910611188532749027e-01 3.055942663746764598e-01 3.358550666932111906e-01 3.959784989050368353e-01 2.994226557833963853e-01 5.653991638463069791e-02 1.407525383237109295e-01 2.606012343221182359e-01 3.476010352379056423e-01 3.812462671710133422e-01 3.896078041011347692e-01 3.858252040613179279e-01 3.609396774835755828e-01 3.625323511845510716e-01 3.834361935098546392e-01 3.894087198885128331e-01 3.874178777622934167e-01 3.898068883137567053e-01 3.993629305196097490e-01 4.158869201672307225e-01 4.344017519410710571e-01 4.393788572566195150e-01 4.365916782799124096e-01 4.379852677682659623e-01 4.445550467847899645e-01 4.628707943460083629e-01 4.642643838343619156e-01 4.754130997411905590e-01 4.983077841927135432e-01 5.132391001393589169e-01 5.136372685646027891e-01 5.184152896675292554e-01 5.249850686840533687e-01 4.917380051761895132e-02 0.000000000000000000e+00 0.000000000000000000e+00 0.000000000000000000e+00 0.000000000000000000e+00 0.000000000000000000e+00 0.000000000000000000e+00 0.000000000000000000e+00 0.000000000000000000e+00 0.000000000000000000e+00 0.000000000000000000e+00 0.000000000000000000e+00 0.000000000000000000e+00 0.000000000000000000e+00
2.804005722460658177e-03 4.463519313304720876e-02 1.618884120171673602e-01 2.233762517882689758e-01 1.948783977110157550e-01 1.668097281831187328e-01 1.533047210300429175e-01 1.225464949928469216e-01 7.582260371959942402e-02 1.726466380543633661e-01 2.745350500715307840e-01 3.092131616595136245e-01 3.365951359084406458e-01 3.579113018597997464e-01 4.155650929899857293e-01 4.421459227467811059e-01 4.118454935622317681e-01 4.182546494992847030e-01 5.061802575107295921e-01 6.260371959942775399e-01 6.837768240343348181e-01 6.597997138769671199e-01 6.287839771101573216e-01 6.612017167381974980e-01 7.484978540772532218e-01 7.976537911301860850e-01 8.017167381974248386e-01 8.155078683834048325e-01 8.717882689556509801e-01 9.524749642346208578e-01 9.748497854077252667e-01 9.677253218884119823e-01 9.554792560801145251e-01 8.996280400572245206e-01 7.684692417739628079e-01 7.467525035765378849e-01 1.659799713876967120e-01 0.000000000000000000e+00 0.000000000000000000e+00 0.000000000000000000e+00 0.000000000000000000e+00 0.000000000000000000e+00 0.000000000000000000e+00 0.000000000000000000e+00 0.000000000000000000e+00 0.000000000000000000e+00 0.000000000000000000e+00 0.000000000000000000e+00 0.000000000000000000e+00 0.000000000000000000e+00 0.000000000000000000e+00 0.000000000000000000e+00 8.009164273013267277e-01 8.022158391464915272e-01 8.661605799480235346e-01 9.268225960880864811e-01 9.192654903569963398e-01 8.205785802215838087e-01 6.182464779099986485e-01 4.322254137600875512e-01 3.964915880180549523e-01 4.792436055259198247e-01 5.035562850499247789e-01 5.468472165230474635e-01 5.210641499110928443e-01 4.379359868691013458e-01 4.111954588975516023e-01 4.729859116399945385e-01 5.025988236903295991e-01 4.575981397893584823e-01 4.502462043496101574e-01 5.113869511694706382e-01 6.007728080973875340e-01 6.344891259745588652e-01 5.536178361373272905e-01 4.629325673642456507e-01 4.816372589249076630e-01 5.604226508001641793e-01 5.625427438106961331e-01 4.901176309670359221e-01 4.926138695116946686e-01 6.151347284913144531e-01 6.633155519080836671e-01 5.721173574066474865e-01 3.520038298454383763e-01 1.224182738339488347e-01 9.779783887293119413e-03 1.314115716044316762e-01 5.218164409793461800e-02 0.000000000000000000e+00 0.000000000000000000e+00 0.000000000000000000e+00 0.000000000000000000e+00 0.000000000000000000e+00 0.000000000000000000e+00 0.000000000000000000e+00 0.000000000000000000e+00 0.000000000000000000e+00 0.000000000000000000e+00 0.000000000000000000e+00 0.000000000000000000e+00 0.000000000000000000e+00 0.000000000000000000e+00 0.000000000000000000e+00 8.518518518518518601e-01 8.567901234567901758e-01 8.617283950617283805e-01 8.666666666666666963e-01 8.740740740740741144e-01 8.641975308641974829e-01 8.641975308641974829e-01 8.580246913580247270e-01 8.493827160493827577e-01 8.407407407407407884e-01 8.333333333333333703e-01 8.320987654320988192e-01 8.358024691358024727e-01 8.407407407407407884e-01 8.493827160493827577e-01 8.518518518518518601e-01 8.518518518518518601e-01 8.543209876543209624e-01 8.679012345679012475e-01 8.679012345679012475e-01 8.716049382716049010e-01 8.888888888888888395e-01 8.975308641975308088e-01 9.012345679012345734e-01 8.975308641975308088e-01 8.901234567901235017e-01 8.950617283950617065e-01 8.987654320987654710e-01 8.975308641975308088e-01 8.950617283950617065e-01 9.037037037037036757e-01 9.234567901234568277e-01 9.395061728395062151e-01 9.185185185185185119e-01 8.604938271604938294e-01 7.765432098765432389e-01 1.506172839506172978e-01 0.000000000000000000e+00 0.000000000000000000e+00 0.000000000000000000e+00 0.000000000000000000e+00 0.000000000000000000e+00 0.000000000000000000e+00 0.000000000000000000e+00 0.000000000000000000e+00 0.000000000000000000e+00 0.000000000000000000e+00 0.000000000000000000e+00 0.000000000000000000e+00 0.000000000000000000e+00 0.000000000000000000e+00 0.000000000000000000e+00 5.845771144278606446e-01 5.845771144278606446e-01 5.920398009950248452e-01 5.970149253731342753e-01 5.970149253731342753e-01 5.970149253731342753e-01 5.970149253731342753e-01 5.970149253731342753e-01 6.144278606965174472e-01 6.019900497512438164e-01 5.771144278606965550e-01 5.970149253731342753e-01 6.094527363184079061e-01 6.119402985074626766e-01 6.218905472636815368e-01 6.218905472636815368e-01 6.218905472636815368e-01 6.218905472636815368e-01 6.218905472636815368e-01 6.343283582089552786e-01 6.467661691542289093e-01 6.567164179104477695e-01 6.542288557213929989e-01 6.467661691542289093e-01 6.542288557213929989e-01 6.666666666666666297e-01 6.840796019900498015e-01 6.840796019900498015e-01 6.840796019900498015e-01 6.791044776119402604e-01 6.766169154228856009e-01 6.741293532338308303e-01 6.865671641791044610e-01 7.313432835820895539e-01 8.059701492537313383e-01 8.606965174129352913e-01 1.741293532338308581e-01 0.000000000000000000e+00 0.000000000000000000e+00 0.000000000000000000e+00 0.000000000000000000e+00 0.000000000000000000e+00 0.000000000000000000e+00 0.000000000000000000e+00 0.000000000000000000e+00 0.000000000000000000e+00 0.000000000000000000e+00 0.000000000000000000e+00 0.000000000000000000e+00 0.000000000000000000e+00 0.000000000000000000e+00 0.000000000000000000e+00 1.333864224566991830e-01 3.028070873979692990e-01 3.603424248457097190e-01 3.987656778817439962e-01 4.218594465458889164e-01 4.431614572964363563e-01 4.927334262392992215e-01 5.034839737208839372e-01 5.066693211228349147e-01 2.478598447143141592e-01 1.797730439976109873e-01 2.014732231734023549e-01 2.908620346406529666e-01 3.965757515429026436e-01 4.146924148914991060e-01 4.146924148914991060e-01 4.160860043798526586e-01 4.160860043798526586e-01 4.260402150109496300e-01 4.445550467847899645e-01 4.399761098944853788e-01 4.461477204857654533e-01 4.993032052558232237e-01 5.341429424646625401e-01 5.329484371889309235e-01 5.225960581325900245e-01 5.343420266772844762e-01 5.556440374278319716e-01 5.626119848695998460e-01 5.638064901453314626e-01 5.745570376269162338e-01 5.906828588492931686e-01 5.946645431017320016e-01 5.564403742783197160e-01 5.705753533744774009e-01 6.050169221580727896e-01 8.003185347401951810e-02 0.000000000000000000e+00 0.000000000000000000e+00 0.000000000000000000e+00 0.000000000000000000e+00 0.000000000000000000e+00 0.000000000000000000e+00 0.000000000000000000e+00 0.000000000000000000e+00 0.000000000000000000e+00 0.000000000000000000e+00 0.000000000000000000e+00 0.000000000000000000e+00 0.000000000000000000e+00 0.000000000000000000e+00 0.000000000000000000e+00
0.000000000000000000e+00 4.123032904148783706e-02 1.692131616595135835e-01 2.469241773962803921e-01 2.307868383404864110e-01 1.978826895565093114e-01 1.926180257510729799e-01 1.778540772532188896e-01 2.303576537911301847e-01 2.865522174535050093e-01 3.226323319027181169e-01 3.355650929899856583e-01 3.522174535050071609e-01 3.822317596566524034e-01 3.599141630901288025e-01 3.355650929899856583e-01 3.930758226037195935e-01 4.918168812589413519e-01 5.286695278969957279e-01 5.610586552217453615e-01 6.107010014306152312e-01 5.954506437768239957e-01 5.563662374821173318e-01 5.354506437768240534e-01 6.066666666666666874e-01 7.087267525035765292e-01 7.206008583690987068e-01 7.135336194563662859e-01 7.220886981402002691e-01 7.607153075822603583e-01 8.163376251788269089e-01 8.335908440629471450e-01 8.408297567954219343e-01 8.344206008583691103e-01 7.890128755364806956e-01 7.071530758226036717e-01 6.901573676680972103e-01 1.579685264663805433e-01 0.000000000000000000e+00 0.000000000000000000e+00 0.000000000000000000e+00 0.000000000000000000e+00 0.000000000000000000e+00 0.000000000000000000e+00 0.000000000000000000e+00 0.000000000000000000e+00 0.000000000000000000e+00 0.000000000000000000e+00 0.000000000000000000e+00 0.000000000000000000e+00 0.000000000000000000e+00 0.000000000000000000e+00 6.471412939406373521e-01 6.556558610313226731e-01 7.126590069757898771e-01 7.677472302010668326e-01 7.654561619477499024e-01 6.621187252085897201e-01 4.774654630009574352e-01 3.462248666393106244e-01 3.854465873341540449e-01 4.353713582273286975e-01 4.676856791136643210e-01 4.117767747230201003e-01 3.553207495554643325e-01 3.920804267542059574e-01 4.355081384215565010e-01 3.872247298591164344e-01 3.481055943099439220e-01 3.812747914102038171e-01 3.953289563671180118e-01 4.105457529749692025e-01 4.774654630009574352e-01 5.503351114758583407e-01 5.401791820544384892e-01 4.124948707427164019e-01 3.428395568321707110e-01 4.004924086992203702e-01 4.644713445493092174e-01 4.798933114485022799e-01 4.178292983176036257e-01 3.963548078238270933e-01 4.840309123238955014e-01 5.354944604021337762e-01 4.683011899876897699e-01 2.891191355491724568e-01 8.439337983859937498e-02 6.120913691697441907e-03 9.208726576391738916e-02 4.623170564902201463e-02 0.000000000000000000e+00 0.000000000000000000e+00 0.000000000000000000e+00 0.000000000000000000e+00 0.000000000000000000e+00 0.000000000000000000e+00 0.000000000000000000e+00 0.000000000000000000e+00 0.000000000000000000e+00 0.000000000000000000e+00 0.000000000000000000e+00 0.000000000000000000e+00 0.000000000000000000e+00 0.000000000000000000e+00 8.888888888888888395e-01 8.950617283950617065e-01 9.000000000000000222e-01 8.901234567901235017e-01 8.839506172839506348e-01 8.777777777777777679e-01 8.790123456790123191e-01 8.691358024691357986e-01 8.518518518518518601e-01 8.456790123456789932e-01 8.469135802469135443e-01 8.580246913580247270e-01 8.567901234567901758e-01 8.456790123456789932e-01 8.370370370370370239e-01 8.333333333333333703e-01 8.320987654320988192e-01 8.419753086419753396e-01 8.506172839506173089e-01 8.617283950617283805e-01 8.728395061728394522e-01 8.851851851851851860e-01 8.962962962962962576e-01 8.925925925925926041e-01 8.814814814814815325e-01 8.703703703703703498e-01 8.790123456790123191e-01 8.975308641975308088e-01 9.061728395061728891e-01 8.987654320987654710e-01 8.950617283950617065e-01 8.827160493827160836e-01 9.037037037037036757e-01 9.111111111111110938e-01 9.049382716049382269e-01 8.555555555555555136e-01 7.888888888888888618e-01 1.506172839506172978e-01 0.000000000000000000e+00 0.000000000000000000e+00 0.000000000000000000e+00 0.000000000000000000e+00 0.000000000000000000e+00 0.000000000000000000e+00 0.000000000000000000e+00 0.000000000000000000e+00 0.000000000000000000e+00 0.000000000000000000e+00 0.000000000000000000e+00 0.000000000000000000e+00 0.000000000000000000e+00 0.000000000000000000e+00 5.721393034825870139e-01 5.721393034825870139e-01 5.820895522388059851e-01 5.820895522388059851e-01 5.746268656716417844e-01 5.721393034825870139e-01 5.796019900497512145e-01 5.920398009950248452e-01 5.895522388059701857e-01 5.845771144278606446e-01 5.845771144278606446e-01 5.845771144278606446e-01 5.870646766169154152e-01 5.970149253731342753e-01 5.920398009950248452e-01 5.845771144278606446e-01 6.019900497512438164e-01 6.144278606965174472e-01 6.218905472636815368e-01 6.318407960199005080e-01 6.268656716417910779e-01 6.243781094527363074e-01 6.318407960199005080e-01 6.243781094527363074e-01 6.268656716417910779e-01 6.343283582089552786e-01 6.467661691542289093e-01 6.467661691542289093e-01 6.368159203980099381e-01 6.517412935323383394e-01 6.592039800995025400e-01 6.592039800995025400e-01 6.592039800995025400e-01 6.766169154228856009e-01 7.213930348258706937e-01 8.009950248756219082e-01 8.557213930348258613e-01 1.741293532338308581e-01 0.000000000000000000e+00 0.000000000000000000e+00 0.000000000000000000e+00 0.000000000000000000e+00 0.000000000000000000e+00 0.000000000000000000e+00 0.000000000000000000e+00 0.000000000000000000e+00 0.000000000000000000e+00 0.000000000000000000e+00 0.000000000000000000e+00 0.000000000000000000e+00 0.000000000000000000e+00 0.000000000000000000e+00 7.545291658371490462e-02 2.813059924347999230e-01 3.340633087796137657e-01 3.464065299621739702e-01 3.647222775233923686e-01 3.782600039816842452e-01 3.993629305196097490e-01 4.103125622138164008e-01 2.096356758909018458e-01 2.574158869201672584e-01 2.854867608998606365e-01 3.691021302010750738e-01 4.596854469440573299e-01 4.825801313955803140e-01 4.887517419868604440e-01 4.927334262392992215e-01 4.304200676886322796e-01 1.138761696197491541e-01 3.266971929126020191e-01 4.835755524586900500e-01 4.881544893489945802e-01 4.885526577742385079e-01 5.002986263189329597e-01 5.608202269560023101e-01 5.867011745968544467e-01 4.782002787178976644e-01 4.290264782002787269e-01 4.957196894286283184e-01 5.586303006171611241e-01 5.948636273143539377e-01 6.036233326697192370e-01 6.233326697192912436e-01 6.380649014533147367e-01 6.356758909018515036e-01 5.982480589289269624e-01 6.304997013736810541e-01 7.103324706350786499e-01 1.019311168624328079e-01 0.000000000000000000e+00 0.000000000000000000e+00 0.000000000000000000e+00 0.000000000000000000e+00 0.000000000000000000e+00 0.000000000000000000e+00 0.000000000000000000e+00 0.000000000000000000e+00 0.000000000000000000e+00 0.000000000000000000e+00 0.000000000000000000e+00 0.000000000000000000e+00 0.000000000000000000e+00 0.000000000000000000e+00
8.297567954220314793e-04 3.565092989985693683e-02 1.600572246065808113e-01 2.355078683834048725e-01 2.238340486409155783e-01 1.900715307582260261e-01 1.597424892703862565e-01 1.046351931330472135e-01 5.822603719599427768e-02 2.448640915593705281e-01 2.951072961373391035e-01 3.191130185979971223e-01 3.183690987124463412e-01 3.555364806866952443e-01 3.880400572246066049e-01 3.606866952789699043e-01 3.633762517882689336e-01 4.461516452074391625e-01 5.345922746781116563e-01 5.612589413447782727e-01 6.368240343347638666e-01 6.441201716738197414e-01 6.024320457796852324e-01 5.746781115879828761e-01 6.408869814020028421e-01 7.507296137339056763e-01 7.867811158798283522e-01 7.832045779685264941e-01 7.955650929899856783e-01 8.537625178826895311e-01 9.134763948497853780e-01 9.160801144492131121e-01 9.048640915593705314e-01 8.364520743919885426e-01 7.447782546494993161e-01 8.037195994277539501e-01 0.000000000000000000e+00 0.000000000000000000e+00 0.000000000000000000e+00 0.000000000000000000e+00 0.000000000000000000e+00 0.000000000000000000e+00 0.000000000000000000e+00 0.000000000000000000e+00 0.000000000000000000e+00 0.000000000000000000e+00 0.000000000000000000e+00 0.000000000000000000e+00 0.000000000000000000e+00 0.000000000000000000e+00 0.000000000000000000e+00 0.000000000000000000e+00 6.885856927916838011e-01 7.008275201750786554e-01 7.642935302968130173e-01 8.047120776911503848e-01 7.798180823416769325e-01 6.563739570510189747e-01 4.767815620298180290e-01 3.709478867459991558e-01 3.986116810285870726e-01 4.597524278484475535e-01 4.811585282451100731e-01 4.833128163041991443e-01 3.975858295718779911e-01 3.634591711120229718e-01 4.227533853098071059e-01 4.282929831760360906e-01 3.680413076186567767e-01 3.504992477089317604e-01 4.055190808370948141e-01 4.128026261797291818e-01 4.860826152373136089e-01 5.556353440021885026e-01 5.417863493366160688e-01 4.273355218164409663e-01 3.751538777185063345e-01 4.517507864861167732e-01 5.155929421419778169e-01 4.689508959102722252e-01 3.898235535494460335e-01 4.524004924086992285e-01 5.543017371084666411e-01 4.839625222267815441e-01 2.801258377786896570e-01 6.168786759677198639e-02 1.945698262891533067e-02 1.661879359868690953e-01 0.000000000000000000e+00 0.000000000000000000e+00 0.000000000000000000e+00 0.000000000000000000e+00 0.000000000000000000e+00 0.000000000000000000e+00 0.000000000000000000e+00 0.000000000000000000e+00 0.000000000000000000e+00 0.000000000000000000e+00 0.000000000000000000e+00 0.000000000000000000e+00 0.000000000000000000e+00 0.000000000000000000e+00 0.000000000000000000e+00 0.000000000000000000e+00 8.703703703703703498e-01 8.703703703703703498e-01 8.703703703703703498e-01 8.654320987654321451e-01 8.617283950617283805e-01 8.580246913580247270e-01 8.543209876543209624e-01 8.456790123456789932e-01 8.370370370370370239e-01 8.308641975308641570e-01 8.234567901234567389e-01 8.259259259259259522e-01 8.283950617283950546e-01 8.308641975308641570e-01 8.283950617283950546e-01 8.320987654320988192e-01 8.271604938271605034e-01 8.283950617283950546e-01 8.493827160493827577e-01 8.493827160493827577e-01 8.604938271604938294e-01 8.654320987654321451e-01 8.703703703703703498e-01 8.753086419753086656e-01 8.629629629629629317e-01 8.555555555555555136e-01 8.592592592592592782e-01 8.703703703703703498e-01 8.703703703703703498e-01 8.666666666666666963e-01 8.691358024691357986e-01 8.814814814814815325e-01 8.876543209876542884e-01 8.629629629629629317e-01 7.901234567901234129e-01 7.209876543209876587e-01 0.000000000000000000e+00 0.000000000000000000e+00 0.000000000000000000e+00 0.000000000000000000e+00 0.000000000000000000e+00 0.000000000000000000e+00 0.000000000000000000e+00 0.000000000000000000e+00 0.000000000000000000e+00 0.000000000000000000e+00 0.000000000000000000e+00 0.000000000000000000e+00 0.000000000000000000e+00 0.000000000000000000e+00 0.000000000000000000e+00 0.000000000000000000e+00 5.721393034825870139e-01 5.721393034825870139e-01 5.721393034825870139e-01 5.820895522388059851e-01 5.845771144278606446e-01 5.845771144278606446e-01 5.920398009950248452e-01 5.995024875621890459e-01 6.144278606965174472e-01 5.970149253731342753e-01 5.895522388059701857e-01 5.945273631840796158e-01 5.995024875621890459e-01 6.119402985074626766e-01 6.218905472636815368e-01 6.318407960199005080e-01 6.218905472636815368e-01 6.243781094527363074e-01 6.343283582089552786e-01 6.393034825870647087e-01 6.517412935323383394e-01 6.567164179104477695e-01 6.467661691542289093e-01 6.442786069651741387e-01 6.467661691542289093e-01 6.542288557213929989e-01 6.691542288557214002e-01 6.592039800995025400e-01 6.592039800995025400e-01 6.666666666666666297e-01 6.815920398009950310e-01 6.865671641791044610e-01 7.064676616915422924e-01 7.587064676616915859e-01 8.383084577114428004e-01 8.706467661691542625e-01 0.000000000000000000e+00 0.000000000000000000e+00 0.000000000000000000e+00 0.000000000000000000e+00 0.000000000000000000e+00 0.000000000000000000e+00 0.000000000000000000e+00 0.000000000000000000e+00 0.000000000000000000e+00 0.000000000000000000e+00 0.000000000000000000e+00 0.000000000000000000e+00 0.000000000000000000e+00 0.000000000000000000e+00 0.000000000000000000e+00 0.000000000000000000e+00 8.182361138761695685e-02 2.922556241290065748e-01 3.669122038622337212e-01 3.838343619350985669e-01 3.945849094166832272e-01 4.198686044196695000e-01 4.487358152498506780e-01 4.610790364324108825e-01 4.264383834361935022e-01 1.590682858849293280e-01 2.329285287676687299e-01 2.878757714513238697e-01 4.154887517419868503e-01 4.766076050169221756e-01 4.835755524586900500e-01 4.899462472625920606e-01 4.913398367509456688e-01 2.986263189329086409e-01 3.800517618952817256e-01 4.192713517818036917e-01 4.624726259207644907e-01 4.588891100935695855e-01 4.724268365518614621e-01 5.184152896675292554e-01 5.618156480191121016e-01 5.624129006569779099e-01 5.616165638064901655e-01 5.984471431415488984e-01 6.219390802309375799e-01 6.348795540513636482e-01 6.394584909416682894e-01 6.376667330280708645e-01 6.390603225164244172e-01 6.175592275532549857e-01 6.836551861437387689e-01 7.007764284292254953e-01 0.000000000000000000e+00 0.000000000000000000e+00 0.000000000000000000e+00 0.000000000000000000e+00 0.000000000000000000e+00 0.000000000000000000e+00 0.000000000000000000e+00 0.000000000000000000e+00 0.000000000000000000e+00 0.000000000000000000e+00 0.000000000000000000e+00 0.000000000000000000e+00 0.000000000000000000e+00 0.000000000000000000e+00 0.000000000000000000e+00 0.000000000000000000e+00
9.035765379113018525e-02 1.499284692417739706e-01 2.137911301859799773e-01 1.994277539341917094e-01 1.614306151645207577e-01 1.593419170243204619e-01 1.606294706723891130e-01 9.278969957081545372e-02 1.190271816881259027e-02 2.663519313304720804e-01 3.264377682403433734e-01 3.073533619456366162e-01 3.317882689556508891e-01 3.622031473533619539e-01 3.335622317596566577e-01 2.928183118741058411e-01 3.673247496423461822e-01 4.699284692417740050e-01 5.122174535050071364e-01 5.367954220314734570e-01 5.081831187410585926e-01 4.695278969957081272e-01 5.145350500715307751e-01 6.186552217453504809e-01 6.917024320457796360e-01 6.992274678111588537e-01 6.961659513590844339e-01 7.333905579399141450e-01 7.725321888412016724e-01 7.792560801144492455e-01 7.606580829756794948e-01 7.194849785407725351e-01 6.382832618025751081e-01 6.263805436337624988e-01 1.376824034334764024e-01 0.000000000000000000e+00 0.000000000000000000e+00 0.000000000000000000e+00 0.000000000000000000e+00 0.000000000000000000e+00 0.000000000000000000e+00 0.000000000000000000e+00 0.000000000000000000e+00 0.000000000000000000e+00 0.000000000000000000e+00 0.000000000000000000e+00 0.000000000000000000e+00 0.000000000000000000e+00 0.000000000000000000e+00 0.000000000000000000e+00 0.000000000000000000e+00 0.000000000000000000e+00 7.183695800848037827e-01 7.469908357269866572e-01 7.776979893311448677e-01 7.763301873888661664e-01 7.374162221310354148e-01 5.685952674052796585e-01 3.301189987689782113e-01 1.524415264669675696e-01 1.395157981124333091e-01 3.687252085897961829e-01 3.951579811243331464e-01 3.325126521679660496e-01 3.011899876897825012e-01 3.546026535357680309e-01 3.917042812200793311e-01 3.767952400492408649e-01 3.763848994665572323e-01 3.568595267405279547e-01 3.784366023799753953e-01 4.430310491040896914e-01 4.640951990151825912e-01 3.873615100533442379e-01 3.219805772124196275e-01 3.576802079058952200e-01 4.438517302694569566e-01 4.581110655177130231e-01 3.723840787853918699e-01 3.436602379975379207e-01 4.302079058952263391e-01 4.671043632881958785e-01 3.320681165367254661e-01 1.092531801395157931e-01 1.145534126658459897e-02 1.263165093694433028e-01 4.428258788127478751e-02 0.000000000000000000e+00 0.000000000000000000e+00 0.000000000000000000e+00 0.000000000000000000e+00 0.000000000000000000e+00 0.000000000000000000e+00 0.000000000000000000e+00 0.000000000000000000e+00 0.000000000000000000e+00 0.000000000000000000e+00 0.000000000000000000e+00 0.000000000000000000e+00 0.000000000000000000e+00 0.000000000000000000e+00 0.000000000000000000e+00 0.000000000000000000e+00 0.000000000000000000e+00 8.111111111111111160e-01 8.148148148148147696e-01 8.246913580246914011e-01 8.370370370370370239e-01 8.382716049382715751e-01 8.283950617283950546e-01 8.000000000000000444e-01 7.506172839506173311e-01 7.098765432098765871e-01 7.469135802469135665e-01 7.580246913580246382e-01 7.543209876543209846e-01 7.358024691358024949e-01 7.296296296296296280e-01 7.320987654320987303e-01 7.567901234567900870e-01 7.567901234567900870e-01 7.444444444444444642e-01 7.567901234567900870e-01 7.654320987654320563e-01 7.654320987654320563e-01 7.654320987654320563e-01 7.604938271604938516e-01 7.530864197530864335e-01 7.530864197530864335e-01 7.580246913580246382e-01 7.740740740740740256e-01 7.703703703703703720e-01 7.753086419753086878e-01 7.802469135802468925e-01 7.876543209876543106e-01 7.790123456790123413e-01 7.456790123456790154e-01 7.185185185185185563e-01 1.419753086419753008e-01 0.000000000000000000e+00 0.000000000000000000e+00 0.000000000000000000e+00 0.000000000000000000e+00 0.000000000000000000e+00 0.000000000000000000e+00 0.000000000000000000e+00 0.000000000000000000e+00 0.000000000000000000e+00 0.000000000000000000e+00 0.000000000000000000e+00 0.000000000000000000e+00 0.000000000000000000e+00 0.000000000000000000e+00 0.000000000000000000e+00 0.000000000000000000e+00 0.000000000000000000e+00 8.333333333333333703e-01 7.213930348258706937e-01 6.567164179104477695e-01 6.517412935323383394e-01 6.492537313432835688e-01 6.666666666666666297e-01 6.890547263681592316e-01 7.213930348258706937e-01 7.363184079601989840e-01 6.965174129353234322e-01 6.815920398009950310e-01 6.691542288557214002e-01 6.616915422885571996e-01 6.691542288557214002e-01 6.716417910447761708e-01 6.791044776119402604e-01 6.616915422885571996e-01 6.542288557213929989e-01 6.741293532338308303e-01 6.716417910447761708e-01 6.716417910447761708e-01 6.716417910447761708e-01 6.815920398009950310e-01 6.915422885572138911e-01 6.965174129353234322e-01 6.965174129353234322e-01 6.965174129353234322e-01 6.940298507462686617e-01 7.039800995024875219e-01 7.089552238805970630e-01 7.164179104477611526e-01 7.338308457711443245e-01 7.412935323383084141e-01 7.462686567164179552e-01 1.492537313432835688e-01 0.000000000000000000e+00 0.000000000000000000e+00 0.000000000000000000e+00 0.000000000000000000e+00 0.000000000000000000e+00 0.000000000000000000e+00 0.000000000000000000e+00 0.000000000000000000e+00 0.000000000000000000e+00 0.000000000000000000e+00 0.000000000000000000e+00 0.000000000000000000e+00 0.000000000000000000e+00 0.000000000000000000e+00 0.000000000000000000e+00 0.000000000000000000e+00 0.000000000000000000e+00 2.492534342026677396e-01 4.071272148118654233e-01 4.423651204459486119e-01 3.971730041807684519e-01 4.272347202866812466e-01 5.942663746764881294e-01 7.551264184750149377e-01 8.116663348596455663e-01 7.001791757913596870e-01 1.160660959585904789e-01 3.298825403145530522e-01 5.144336054150905335e-01 5.506669321122835692e-01 6.273143539717300765e-01 7.411905235914791890e-01 7.608998606410510845e-01 4.565000995421062968e-01 3.529763089786980279e-01 5.070674895480787869e-01 5.650009954210630791e-01 6.237308381445351158e-01 6.609595859048377209e-01 7.043599442564204560e-01 6.665339438582520426e-01 5.436989846705156948e-01 5.894883535735616631e-01 6.884332072466653463e-01 6.796735018912999360e-01 5.438980688831375199e-01 5.558431216404539077e-01 5.964563010153295375e-01 6.595659964164841682e-01 7.292454708341629122e-01 7.517419868604420241e-01 1.166633485964563011e-01 0.000000000000000000e+00 0.000000000000000000e+00 0.000000000000000000e+00 0.000000000000000000e+00 0.000000000000000000e+00 0.000000000000000000e+00 0.000000000000000000e+00 0.000000000000000000e+00 0.000000000000000000e+00 0.000000000000000000e+00 0.000000000000000000e+00 0.000000000000000000e+00 0.000000000000000000e+00 0.000000000000000000e+00 0.000000000000000000e+00 0.000000000000000000e+00 0.000000000000000000e+00
4.306151645207439288e-02 1.060944206008583718e-01 2.293562231759656844e-01 2.380257510729613668e-01 1.676680972818311854e-01 1.802861230329041442e-01 1.645493562231759854e-01 7.765379113018597290e-02 6.020028612303290894e-02 3.003433476394850032e-01 2.890414878397711274e-01 2.826323319027181369e-01 3.235193133047210567e-01 3.251788268955650985e-01 2.751359084406294619e-01 3.124463519313304682e-01 4.211731044349070197e-01 4.756223175965665351e-01 5.086981402002861419e-01 4.875536480686695207e-01 4.462947067238912657e-01 4.643776824034334672e-01 5.476680972818311899e-01 6.315307582260371033e-01 6.590557939914163388e-01 6.496709585121601682e-01 6.626895565092989493e-01 6.969098712446351040e-01 7.091273247496423515e-01 6.990844062947068061e-01 6.853218884120171328e-01 6.436051502145923031e-01 5.766237482117310131e-01 6.103862660944207041e-01 1.358512160228898535e-01 0.000000000000000000e+00 0.000000000000000000e+00 0.000000000000000000e+00 0.000000000000000000e+00 0.000000000000000000e+00 0.000000000000000000e+00 0.000000000000000000e+00 0.000000000000000000e+00 0.000000000000000000e+00 0.000000000000000000e+00 0.000000000000000000e+00 0.000000000000000000e+00 0.000000000000000000e+00 0.000000000000000000e+00 0.000000000000000000e+00 0.000000000000000000e+00 0.000000000000000000e+00 7.204554780467787856e-01 7.492819039803035874e-01 7.907604978799069873e-01 7.992408699220353574e-01 7.013746409519900915e-01 4.805430173710846242e-01 2.857338257420325434e-01 1.593831213240322897e-01 2.064013130898645909e-01 3.986116810285870726e-01 3.539871426617425820e-01 2.627547531117493951e-01 2.792025714676514836e-01 3.642114621802762797e-01 3.896867733552181190e-01 3.648953631514156304e-01 3.220147722609766339e-01 3.424976063466010356e-01 4.156408152099576037e-01 4.504855696895089801e-01 3.978251949117768138e-01 3.139105457529749454e-01 3.092258241006701769e-01 3.913281356859527049e-01 4.424839283271781998e-01 3.892422377239775355e-01 3.296060730406237260e-01 3.786759677198741625e-01 4.550335111475858341e-01 3.975174394747640338e-01 1.866365750239365184e-01 2.243195185337162889e-02 5.019833128163041919e-02 1.883463274517849506e-01 5.775543701272056046e-02 0.000000000000000000e+00 0.000000000000000000e+00 0.000000000000000000e+00 0.000000000000000000e+00 0.000000000000000000e+00 0.000000000000000000e+00 0.000000000000000000e+00 0.000000000000000000e+00 0.000000000000000000e+00 0.000000000000000000e+00 0.000000000000000000e+00 0.000000000000000000e+00 0.000000000000000000e+00 0.000000000000000000e+00 0.000000000000000000e+00 0.000000000000000000e+00 0.000000000000000000e+00 8.209876543209876365e-01 8.234567901234567389e-01 8.160493827160494318e-01 8.098765432098765649e-01 8.012345679012345956e-01 7.864197530864197594e-01 7.506172839506173311e-01 7.185185185185185563e-01 7.074074074074073737e-01 7.283950617283950768e-01 7.358024691358024949e-01 7.395061728395061484e-01 7.246913580246913122e-01 7.222222222222222099e-01 7.222222222222222099e-01 7.333333333333332815e-01 7.481481481481481177e-01 7.592592592592593004e-01 7.654320987654320563e-01 7.703703703703703720e-01 7.654320987654320563e-01 7.654320987654320563e-01 7.679012345679012697e-01 7.679012345679012697e-01 7.691358024691358208e-01 7.654320987654320563e-01 7.654320987654320563e-01 7.679012345679012697e-01 7.777777777777777901e-01 7.716049382716049232e-01 7.567901234567900870e-01 7.345679012345679437e-01 7.086419753086419249e-01 7.024691358024691690e-01 1.407407407407407496e-01 0.000000000000000000e+00 0.000000000000000000e+00 0.000000000000000000e+00 0.000000000000000000e+00 0.000000000000000000e+00 0.000000000000000000e+00 0.000000000000000000e+00 0.000000000000000000e+00 0.000000000000000000e+00 0.000000000000000000e+00 0.000000000000000000e+00 0.000000000000000000e+00 0.000000000000000000e+00 0.000000000000000000e+00 0.000000000000000000e+00 0.000000000000000000e+00 0.000000000000000000e+00 9.676616915422885379e-01 8.606965174129352913e-01 7.462686567164179552e-01 6.542288557213929989e-01 6.343283582089552786e-01 6.467661691542289093e-01 6.666666666666666297e-01 6.990049751243780918e-01 7.039800995024875219e-01 6.766169154228856009e-01 6.616915422885571996e-01 6.592039800995025400e-01 6.592039800995025400e-01 6.592039800995025400e-01 6.592039800995025400e-01 6.542288557213929989e-01 6.567164179104477695e-01 6.592039800995025400e-01 6.716417910447761708e-01 6.716417910447761708e-01 6.592039800995025400e-01 6.592039800995025400e-01 6.641791044776119701e-01 6.741293532338308303e-01 6.840796019900498015e-01 6.840796019900498015e-01 6.840796019900498015e-01 6.840796019900498015e-01 6.965174129353234322e-01 6.965174129353234322e-01 7.014925373134328623e-01 7.164179104477611526e-01 7.189054726368159232e-01 7.313432835820895539e-01 1.467661691542288538e-01 0.000000000000000000e+00 0.000000000000000000e+00 0.000000000000000000e+00 0.000000000000000000e+00 0.000000000000000000e+00 0.000000000000000000e+00 0.000000000000000000e+00 0.000000000000000000e+00 0.000000000000000000e+00 0.000000000000000000e+00 0.000000000000000000e+00 0.000000000000000000e+00 0.000000000000000000e+00 0.000000000000000000e+00 0.000000000000000000e+00 0.000000000000000000e+00 0.000000000000000000e+00 3.038025084610790350e-01 4.690424049372884374e-01 5.681863428230140567e-01 2.556241290065697780e-01 3.444156878359546092e-01 6.243280907824010351e-01 8.062910611188532917e-01 8.353573561616564058e-01 5.576348795540514436e-01 2.480589289269360675e-01 5.034839737208839372e-01 5.892892693609396160e-01 6.064105116464264533e-01 6.478200278717897165e-01 6.936093967748356848e-01 3.913995620147321941e-01 4.971132789169818711e-01 6.251244276328886684e-01 6.470236910213019721e-01 6.740991439378857253e-01 6.912203862233724516e-01 7.083416285088592890e-01 7.083416285088592890e-01 6.725064702369102365e-01 6.645431017320326816e-01 6.946048178379453653e-01 6.993828389408719426e-01 6.850487756320924326e-01 6.826597650806290885e-01 6.902249651602627711e-01 7.115269759108102665e-01 7.599044395779414041e-01 8.130599243479991189e-01 7.941469241489149677e-01 7.784192713517817941e-02 0.000000000000000000e+00 0.000000000000000000e+00 0.000000000000000000e+00 0.000000000000000000e+00 0.000000000000000000e+00 0.000000000000000000e+00 0.000000000000000000e+00 0.000000000000000000e+00 0.000000000000000000e+00 0.000000000000000000e+00 0.000000000000000000e+00 0.000000000000000000e+00 0.000000000000000000e+00 0.000000000000000000e+00 0.000000000000000000e+00 0.000000000000000000e+00 0.000000000000000000e+00
1.410586552217453493e-02 1.026323319027181713e-01 1.725894134477825581e-01 1.724749642346208867e-01 1.455507868383404957e-01 1.418884120171673702e-01 1.404864091559370476e-01 9.533619456366236589e-02 1.386266094420600947e-01 2.848927038626609676e-01 2.656080114449212992e-01 2.940200286123032525e-01 3.246065808297567967e-01 2.931616595135907999e-01 2.713304721030042610e-01 3.730758226037196312e-01 4.658369098712445977e-01 4.638626609442060289e-01 5.094134477825464913e-01 5.442060085836909478e-01 5.198855507868382908e-01 4.763948497854077480e-01 4.999427753934191365e-01 6.039771101573676582e-01 6.909585121602289659e-01 7.020886981402003624e-01 6.877825464949929302e-01 7.049499284692418710e-01 7.528755364806867245e-01 7.798855507868382997e-01 7.692989985693847732e-01 7.432331902718168903e-01 7.041487839771101154e-01 6.295278969957081028e-01 6.215736766809728531e-01 2.810872675250357666e-01 0.000000000000000000e+00 0.000000000000000000e+00 0.000000000000000000e+00 0.000000000000000000e+00 0.000000000000000000e+00 0.000000000000000000e+00 0.000000000000000000e+00 0.000000000000000000e+00 0.000000000000000000e+00 0.000000000000000000e+00 0.000000000000000000e+00 0.000000000000000000e+00 0.000000000000000000e+00 0.000000000000000000e+00 0.000000000000000000e+00 0.000000000000000000e+00 6.879017918205443394e-01 7.218232799890575979e-01 7.436739160169607565e-01 7.439474764054164746e-01 6.930994392012036487e-01 5.347763643824374746e-01 3.363083025577895957e-01 1.868417453152783347e-01 2.664136233073450821e-01 3.909861852003830296e-01 3.076186568184926529e-01 2.788606209820818083e-01 3.619545889755163559e-01 4.358500889071261764e-01 4.235740664751743711e-01 4.220352892901108044e-01 4.171795923950211704e-01 3.756326083983039243e-01 3.794282587881274149e-01 4.506907399808507408e-01 4.798249213513883227e-01 4.073998085077281117e-01 3.175010258514566752e-01 3.388729311995622995e-01 4.421761728901654753e-01 4.795855560114895000e-01 4.144439885104636567e-01 3.493366160579948199e-01 4.092805361783614093e-01 4.967172753385309392e-01 4.292504445356312148e-01 2.041102448365476607e-01 3.744357816988100329e-02 1.080563534400218878e-02 1.239912460675694217e-01 1.048762139242237629e-01 0.000000000000000000e+00 0.000000000000000000e+00 0.000000000000000000e+00 0.000000000000000000e+00 0.000000000000000000e+00 0.000000000000000000e+00 0.000000000000000000e+00 0.000000000000000000e+00 0.000000000000000000e+00 0.000000000000000000e+00 0.000000000000000000e+00 0.000000000000000000e+00 0.000000000000000000e+00 0.000000000000000000e+00 0.000000000000000000e+00 0.000000000000000000e+00 8.172839506172839830e-01 8.049382716049382491e-01 7.962962962962962798e-01 7.962962962962962798e-01 8.012345679012345956e-01 7.901234567901234129e-01 7.679012345679012697e-01 7.308641975308641792e-01 7.185185185185185563e-01 7.419753086419753618e-01 7.320987654320987303e-01 7.234567901234567611e-01 7.222222222222222099e-01 7.234567901234567611e-01 7.358024691358024949e-01 7.555555555555555358e-01 7.641975308641975051e-01 7.567901234567900870e-01 7.456790123456790154e-01 7.456790123456790154e-01 7.629629629629629539e-01 7.703703703703703720e-01 7.679012345679012697e-01 7.617283950617284027e-01 7.629629629629629539e-01 7.765432098765432389e-01 7.938271604938271775e-01 7.950617283950617287e-01 7.839506172839506570e-01 7.777777777777777901e-01 7.740740740740740256e-01 7.703703703703703720e-01 7.419753086419753618e-01 7.074074074074073737e-01 6.938271604938271997e-01 2.777777777777777901e-01 0.000000000000000000e+00 0.000000000000000000e+00 0.000000000000000000e+00 0.000000000000000000e+00 0.000000000000000000e+00 0.000000000000000000e+00 0.000000000000000000e+00 0.000000000000000000e+00 0.000000000000000000e+00 0.000000000000000000e+00 0.000000000000000000e+00 0.000000000000000000e+00 0.000000000000000000e+00 0.000000000000000000e+00 0.000000000000000000e+00 0.000000000000000000e+00 6.467661691542289093e-01 6.542288557213929989e-01 6.592039800995025400e-01 6.592039800995025400e-01 6.567164179104477695e-01 6.567164179104477695e-01 6.741293532338308303e-01 6.915422885572138911e-01 6.840796019900498015e-01 6.417910447761193682e-01 6.368159203980099381e-01 6.567164179104477695e-01 6.592039800995025400e-01 6.592039800995025400e-01 6.517412935323383394e-01 6.492537313432835688e-01 6.592039800995025400e-01 6.641791044776119701e-01 6.716417910447761708e-01 6.815920398009950310e-01 6.840796019900498015e-01 6.791044776119402604e-01 6.716417910447761708e-01 6.791044776119402604e-01 6.840796019900498015e-01 7.014925373134328623e-01 7.014925373134328623e-01 7.039800995024875219e-01 7.089552238805970630e-01 7.064676616915422924e-01 6.965174129353234322e-01 6.965174129353234322e-01 7.114427860696517225e-01 7.288557213930347833e-01 7.263681592039801238e-01 2.885572139303482775e-01 0.000000000000000000e+00 0.000000000000000000e+00 0.000000000000000000e+00 0.000000000000000000e+00 0.000000000000000000e+00 0.000000000000000000e+00 0.000000000000000000e+00 0.000000000000000000e+00 0.000000000000000000e+00 0.000000000000000000e+00 0.000000000000000000e+00 0.000000000000000000e+00 0.000000000000000000e+00 0.000000000000000000e+00 0.000000000000000000e+00 0.000000000000000000e+00 1.875373282898666061e-01 3.985665936691220046e-01 4.465458889110093810e-01 3.352578140553454378e-01 3.770654987059526286e-01 5.582321321919171409e-01 6.938084809874577319e-01 7.304399761098944177e-01 4.274338044993031827e-01 4.262392992235715661e-01 5.841130798327691664e-01 6.072068484969141977e-01 6.195500696794743467e-01 6.705156281106908756e-01 6.900258809476408350e-01 4.443559625721679729e-01 2.723472028668126876e-01 4.923352578140553493e-01 5.942663746764881294e-01 6.137766275134381999e-01 6.356758909018515036e-01 6.498108699980090774e-01 6.808680071670316636e-01 6.691220386223373229e-01 5.245869002588094965e-01 5.446944057336253753e-01 6.518017121242284384e-01 6.625522596058133207e-01 6.430420067688632502e-01 6.273143539717300765e-01 6.426438383436193780e-01 6.693211228349591480e-01 6.959984073262990290e-01 7.015727652797132397e-01 7.196894286283097575e-01 1.799721282102329234e-01 0.000000000000000000e+00 0.000000000000000000e+00 0.000000000000000000e+00 0.000000000000000000e+00 0.000000000000000000e+00 0.000000000000000000e+00 0.000000000000000000e+00 0.000000000000000000e+00 0.000000000000000000e+00 0.000000000000000000e+00 0.000000000000000000e+00 0.000000000000000000e+00 0.000000000000000000e+00 0.000000000000000000e+00 0.000000000000000000e+00 0.000000000000000000e+00
4.978540772532188442e-03 6.889842632331903693e-02 2.053791130185979863e-01 2.537911301859799851e-01 1.925035765379112807e-01 2.044921316165951575e-01 2.149356223175965808e-01 1.600286123032904073e-01 1.458369098712446188e-01 3.642632331902718179e-01 3.428612303290414776e-01 3.395708154506437704e-01 3.792560801144492233e-01 3.778254649499284690e-01 3.524749642346209355e-01 4.308726752503576618e-01 5.239484978540772664e-01 5.787982832618026041e-01 5.664663805436337407e-01 5.200572246065807702e-01 5.308154506437768871e-01 6.242918454935622030e-01 7.115593705293276061e-01 7.272103004291845529e-01 7.089842632331903038e-01 7.294134477825465757e-01 7.788268955650929914e-01 8.071530758226037605e-01 8.002575107296137080e-01 7.767381974248926957e-01 7.372532188841200984e-01 6.689842632331902683e-01 6.062374821173105444e-01 5.299570815450643790e-01 0.000000000000000000e+00 0.000000000000000000e+00 0.000000000000000000e+00 0.000000000000000000e+00 0.000000000000000000e+00 0.000000000000000000e+00 0.000000000000000000e+00 0.000000000000000000e+00 0.000000000000000000e+00 0.000000000000000000e+00 0.000000000000000000e+00 0.000000000000000000e+00 0.000000000000000000e+00 0.000000000000000000e+00 0.000000000000000000e+00 0.000000000000000000e+00 0.000000000000000000e+00 0.000000000000000000e+00 6.921077827930515181e-01 7.156339762002462690e-01 7.644303104910408209e-01 8.036520311858842414e-01 7.209342087265764309e-01 5.486937491451236992e-01 3.639037067432635553e-01 2.440500615510874105e-01 2.958555601148953884e-01 4.531869785255094873e-01 3.957392969498016444e-01 3.038913965257830641e-01 3.425318013951579865e-01 4.400218848310764042e-01 4.655313910545753053e-01 3.865408288879770282e-01 3.731021748050881714e-01 4.308918068663656897e-01 4.738749829024757054e-01 4.311995623033784697e-01 3.558678703323758796e-01 3.520722199425522780e-01 4.411161263848994429e-01 4.884762686363014472e-01 4.253180139515798097e-01 3.622623444125290804e-01 4.174531527834769440e-01 4.995896594173163674e-01 4.715155245520448735e-01 3.030707153604157988e-01 9.383121324032278610e-02 6.291888934482286512e-03 4.838599370811106498e-02 1.570236629736014022e-01 0.000000000000000000e+00 0.000000000000000000e+00 0.000000000000000000e+00 0.000000000000000000e+00 0.000000000000000000e+00 0.000000000000000000e+00 0.000000000000000000e+00 0.000000000000000000e+00 0.000000000000000000e+00 0.000000000000000000e+00 0.000000000000000000e+00 0.000000000000000000e+00 0.000000000000000000e+00 0.000000000000000000e+00 0.000000000000000000e+00 0.000000000000000000e+00 0.000000000000000000e+00 0.000000000000000000e+00 8.135802469135802184e-01 8.049382716049382491e-01 8.049382716049382491e-01 8.148148148148147696e-01 8.271604938271605034e-01 8.086419753086420137e-01 7.654320987654320563e-01 7.320987654320987303e-01 7.185185185185185563e-01 7.493827160493826689e-01 7.518518518518518823e-01 7.358024691358024949e-01 7.283950617283950768e-01 7.271604938271605256e-01 7.320987654320987303e-01 7.555555555555555358e-01 7.481481481481481177e-01 7.469135802469135665e-01 7.629629629629629539e-01 7.740740740740740256e-01 7.777777777777777901e-01 7.654320987654320563e-01 7.629629629629629539e-01 7.753086419753086878e-01 7.839506172839506570e-01 7.888888888888888618e-01 7.790123456790123413e-01 7.777777777777777901e-01 7.876543209876543106e-01 7.925925925925926263e-01 7.728395061728394744e-01 7.308641975308641792e-01 6.999999999999999556e-01 5.580246913580246826e-01 0.000000000000000000e+00 0.000000000000000000e+00 0.000000000000000000e+00 0.000000000000000000e+00 0.000000000000000000e+00 0.000000000000000000e+00 0.000000000000000000e+00 0.000000000000000000e+00 0.000000000000000000e+00 0.000000000000000000e+00 0.000000000000000000e+00 0.000000000000000000e+00 0.000000000000000000e+00 0.000000000000000000e+00 0.000000000000000000e+00 0.000000000000000000e+00 0.000000000000000000e+00 0.000000000000000000e+00 6.965174129353234322e-01 6.492537313432835688e-01 6.641791044776119701e-01 6.592039800995025400e-01 6.343283582089552786e-01 6.517412935323383394e-01 6.741293532338308303e-01 6.915422885572138911e-01 6.965174129353234322e-01 6.592039800995025400e-01 6.592039800995025400e-01 6.616915422885571996e-01 6.716417910447761708e-01 6.691542288557214002e-01 6.641791044776119701e-01 6.616915422885571996e-01 6.716417910447761708e-01 6.840796019900498015e-01 6.865671641791044610e-01 6.791044776119402604e-01 6.716417910447761708e-01 6.716417910447761708e-01 6.840796019900498015e-01 7.039800995024875219e-01 6.965174129353234322e-01 7.039800995024875219e-01 7.089552238805970630e-01 7.089552238805970630e-01 7.089552238805970630e-01 7.064676616915422924e-01 7.213930348258706937e-01 7.437810945273631846e-01 7.437810945273631846e-01 5.870646766169154152e-01 0.000000000000000000e+00 0.000000000000000000e+00 0.000000000000000000e+00 0.000000000000000000e+00 0.000000000000000000e+00 0.000000000000000000e+00 0.000000000000000000e+00 0.000000000000000000e+00 0.000000000000000000e+00 0.000000000000000000e+00 0.000000000000000000e+00 0.000000000000000000e+00 0.000000000000000000e+00 0.000000000000000000e+00 0.000000000000000000e+00 0.000000000000000000e+00 0.000000000000000000e+00 0.000000000000000000e+00 3.784590881943061813e-01 5.062711526975910425e-01 6.191519012542304745e-01 3.493927931515030672e-01 4.821819629703364418e-01 6.752936492136173419e-01 7.959386820625123926e-01 8.244077244674498095e-01 5.695799323113677204e-01 2.856858451124825726e-01 6.464264383834361638e-01 7.230738602428826711e-01 7.326299024487358258e-01 7.435795341429424221e-01 6.814652598048974719e-01 2.313358550666932134e-01 5.004977105315548958e-01 5.389209635675890064e-01 5.773442166036233392e-01 6.529962173999601660e-01 7.190921759904439492e-01 7.200875970535536297e-01 6.452319331077045472e-01 6.316942066494126706e-01 7.011745968544693675e-01 7.159068285884929717e-01 6.780808281903245582e-01 6.687238701970933397e-01 6.912203862233724516e-01 7.246665339438582709e-01 7.254628707943459043e-01 7.214811865419071824e-01 7.461676289070277024e-01 5.172207843917977499e-01 0.000000000000000000e+00 0.000000000000000000e+00 0.000000000000000000e+00 0.000000000000000000e+00 0.000000000000000000e+00 0.000000000000000000e+00 0.000000000000000000e+00 0.000000000000000000e+00 0.000000000000000000e+00 0.000000000000000000e+00 0.000000000000000000e+00 0.000000000000000000e+00 0.000000000000000000e+00 0.000000000000000000e+00 0.000000000000000000e+00 0.000000000000000000e+00 0.000000000000000000e+00 0.000000000000000000e+00
6.649499284692417245e-02 1.268669527896995608e-01 2.572818311874106034e-01 2.720743919885550977e-01 2.041487839771101709e-01 1.084692417739628045e-01 2.114449213161659694e-02 2.896423462088698053e-01 3.252360515021459619e-01 3.688412017167381762e-01 4.282403433476394961e-01 4.206294706723890942e-01 5.409442060085836168e-01 5.923891273247496869e-01 6.857224606580829551e-01 6.910443490701000391e-01 6.056080114449212681e-01 5.952503576537911956e-01 6.995994277539341333e-01 8.047496423462088266e-01 8.178540772532189029e-01 8.310157367668097317e-01 9.225464949928470215e-01 9.843490701001431642e-01 9.178540772532188807e-01 7.231473533619456884e-01 2.362517882689556536e-01 0.000000000000000000e+00 0.000000000000000000e+00 0.000000000000000000e+00 0.000000000000000000e+00 0.000000000000000000e+00 0.000000000000000000e+00 0.000000000000000000e+00 0.000000000000000000e+00 0.000000000000000000e+00 0.000000000000000000e+00 0.000000000000000000e+00 0.000000000000000000e+00 0.000000000000000000e+00 0.000000000000000000e+00 0.000000000000000000e+00 0.000000000000000000e+00 0.000000000000000000e+00 0.000000000000000000e+00 0.000000000000000000e+00 0.000000000000000000e+00 0.000000000000000000e+00 0.000000000000000000e+00 0.000000000000000000e+00 0.000000000000000000e+00 0.000000000000000000e+00 8.248529612912050002e-01 8.219805772124196830e-01 8.477978388729312531e-01 7.785528655450690838e-01 4.991451237860757839e-01 3.576118178087812627e-01 3.756668034468608752e-01 5.337505129257283931e-01 4.433729995896593667e-01 4.513404459034331961e-01 5.707495554643686742e-01 5.815209957598139745e-01 4.751401996990835541e-01 4.984270277663793713e-01 5.698946792504444581e-01 6.112022979072629925e-01 5.413076186568184234e-01 4.429626590069757897e-01 4.753111749418684195e-01 5.585077280809738198e-01 5.476678976884146177e-01 4.879291478593899556e-01 5.412734236082615835e-01 5.891806866365749684e-01 3.642456572288332861e-01 6.418410614143071902e-02 1.949117767747230150e-03 0.000000000000000000e+00 0.000000000000000000e+00 0.000000000000000000e+00 0.000000000000000000e+00 0.000000000000000000e+00 0.000000000000000000e+00 0.000000000000000000e+00 0.000000000000000000e+00 0.000000000000000000e+00 0.000000000000000000e+00 0.000000000000000000e+00 0.000000000000000000e+00 0.000000000000000000e+00 0.000000000000000000e+00 0.000000000000000000e+00 0.000000000000000000e+00 0.000000000000000000e+00 0.000000000000000000e+00 0.000000000000000000e+00 0.000000000000000000e+00 0.000000000000000000e+00 0.000000000000000000e+00 0.000000000000000000e+00 0.000000000000000000e+00 0.000000000000000000e+00 8.716049382716049010e-01 8.654320987654321451e-01 8.580246913580247270e-01 8.543209876543209624e-01 8.259259259259259522e-01 7.790123456790123413e-01 7.308641975308641792e-01 7.296296296296296280e-01 7.481481481481481177e-01 7.469135802469135665e-01 7.629629629629629539e-01 7.765432098765432389e-01 7.987654320987653822e-01 7.938271604938271775e-01 7.901234567901234129e-01 8.061728395061728003e-01 8.308641975308641570e-01 8.333333333333333703e-01 8.111111111111111160e-01 8.061728395061728003e-01 8.234567901234567389e-01 8.333333333333333703e-01 8.358024691358024727e-01 8.580246913580247270e-01 8.814814814814815325e-01 8.481481481481480955e-01 2.975308641975308865e-01 0.000000000000000000e+00 0.000000000000000000e+00 0.000000000000000000e+00 0.000000000000000000e+00 0.000000000000000000e+00 0.000000000000000000e+00 0.000000000000000000e+00 0.000000000000000000e+00 0.000000000000000000e+00 0.000000000000000000e+00 0.000000000000000000e+00 0.000000000000000000e+00 0.000000000000000000e+00 0.000000000000000000e+00 0.000000000000000000e+00 0.000000000000000000e+00 0.000000000000000000e+00 0.000000000000000000e+00 0.000000000000000000e+00 0.000000000000000000e+00 0.000000000000000000e+00 0.000000000000000000e+00 0.000000000000000000e+00 0.000000000000000000e+00 0.000000000000000000e+00 7.537313432835820448e-01 6.890547263681592316e-01 6.840796019900498015e-01 6.840796019900498015e-01 7.114427860696517225e-01 7.437810945273631846e-01 7.736318407960198762e-01 7.388059701492537545e-01 7.338308457711443245e-01 7.636815920398010160e-01 7.935323383084577076e-01 7.910447761194029370e-01 7.786069651741293063e-01 8.009950248756219082e-01 8.184079601990049690e-01 8.308457711442785998e-01 8.333333333333333703e-01 8.333333333333333703e-01 8.333333333333333703e-01 8.507462686567164312e-01 8.731343283582089221e-01 8.830845771144278933e-01 8.830845771144278933e-01 8.830845771144278933e-01 8.905472636815920939e-01 9.179104477611940149e-01 3.756218905472636926e-01 0.000000000000000000e+00 0.000000000000000000e+00 0.000000000000000000e+00 0.000000000000000000e+00 0.000000000000000000e+00 0.000000000000000000e+00 0.000000000000000000e+00 0.000000000000000000e+00 0.000000000000000000e+00 0.000000000000000000e+00 0.000000000000000000e+00 0.000000000000000000e+00 0.000000000000000000e+00 0.000000000000000000e+00 0.000000000000000000e+00 0.000000000000000000e+00 0.000000000000000000e+00 0.000000000000000000e+00 0.000000000000000000e+00 0.000000000000000000e+00 0.000000000000000000e+00 0.000000000000000000e+00 0.000000000000000000e+00 0.000000000000000000e+00 0.000000000000000000e+00 3.404340035835158318e-01 4.065299621739995595e-01 4.340035835158271849e-01 4.750149313159466313e-01 5.379255425044793260e-01 6.683257017718494675e-01 6.360740593270953758e-01 5.365319530161257733e-01 6.468246068086800360e-01 6.667330280708738677e-01 6.627513438184351457e-01 5.839139956201473414e-01 5.874975114473423021e-01 6.460282699581922916e-01 6.744973123631295975e-01 6.840533545689827521e-01 6.918176388612382599e-01 7.111288074855663943e-01 7.262592076448337597e-01 7.302408918972725926e-01 7.614971132789170039e-01 7.883734819828787099e-01 7.774238502886721136e-01 7.911606609595858153e-01 8.285884929325103565e-01 8.668126617559226421e-01 2.313358550666932134e-01 0.000000000000000000e+00 0.000000000000000000e+00 0.000000000000000000e+00 0.000000000000000000e+00 0.000000000000000000e+00 0.000000000000000000e+00 0.000000000000000000e+00 0.000000000000000000e+00 0.000000000000000000e+00 0.000000000000000000e+00 0.000000000000000000e+00 0.000000000000000000e+00 0.000000000000000000e+00 0.000000000000000000e+00 0.000000000000000000e+00 0.000000000000000000e+00 0.000000000000000000e+00 0.000000000000000000e+00 0.000000000000000000e+00 0.000000000000000000e+00 0.000000000000000000e+00 0.000000000000000000e+00 0.000000000000000000e+00 0.000000000000000000e+00 0.000000000000000000e+00
6.437768240343347617e-03 2.678111587982832595e-02 1.465522174535050237e-01 2.737911301859799473e-01 2.814592274678111572e-01 2.216881258941344746e-01 1.594563662374821056e-01 8.775393419170242348e-02 1.722460658082975715e-01 3.358798283261802964e-01 3.164520743919885803e-01 3.862947067238912680e-01 4.135908440629470495e-01 3.710443490701001434e-01 4.751931330472102810e-01 5.449499284692417289e-01 6.428326180257509792e-01 6.884120171673819844e-01 6.446065808297568589e-01 5.774821173104435212e-01 6.303290414878397474e-01 7.428040057224606363e-01 8.171959942775393060e-01 8.088984263233189864e-01 8.238340486409156949e-01 9.163662374821172074e-01 9.761945636623748923e-01 9.559942775393418524e-01 9.075822603719599924e-01 8.743347639484978506e-01 8.179971387696709506e-01 6.077825464949927481e-01 0.000000000000000000e+00 0.000000000000000000e+00 0.000000000000000000e+00 0.000000000000000000e+00 0.000000000000000000e+00 0.000000000000000000e+00 0.000000000000000000e+00 0.000000000000000000e+00 0.000000000000000000e+00 0.000000000000000000e+00 0.000000000000000000e+00 0.000000000000000000e+00 0.000000000000000000e+00 0.000000000000000000e+00 0.000000000000000000e+00 0.000000000000000000e+00 0.000000000000000000e+00 0.000000000000000000e+00 0.000000000000000000e+00 0.000000000000000000e+00 5.764943236219395306e-01 5.603200656544932157e-01 5.949596498427027758e-01 6.865339898782656380e-01 6.577075639447408362e-01 4.258309396799342950e-01 2.565312542743810598e-01 2.318424292162494793e-01 3.355218164409793369e-01 3.418137053754616295e-01 2.334495964984270311e-01 2.811516892353987385e-01 3.750170975242784754e-01 3.936533989878265860e-01 3.870879496648885199e-01 3.785049924770893526e-01 4.027834769525373004e-01 4.511352756120913243e-01 4.590343318287511964e-01 3.345301600328272063e-01 2.871700177814252020e-01 3.610997127615920843e-01 4.407741758993297676e-01 3.879770209273696868e-01 3.062850499247709024e-01 3.596977157707564321e-01 4.648132950348788928e-01 3.917384762686362820e-01 1.821570236629736217e-01 3.679387224729858963e-02 7.351935439748324107e-03 6.107235672274654442e-02 0.000000000000000000e+00 0.000000000000000000e+00 0.000000000000000000e+00 0.000000000000000000e+00 0.000000000000000000e+00 0.000000000000000000e+00 0.000000000000000000e+00 0.000000000000000000e+00 0.000000000000000000e+00 0.000000000000000000e+00 0.000000000000000000e+00 0.000000000000000000e+00 0.000000000000000000e+00 0.000000000000000000e+00 0.000000000000000000e+00 0.000000000000000000e+00 0.000000000000000000e+00 0.000000000000000000e+00 0.000000000000000000e+00 0.000000000000000000e+00 8.950617283950617065e-01 8.913580246913580529e-01 8.604938271604938294e-01 8.567901234567901758e-01 8.777777777777777679e-01 8.913580246913580529e-01 8.777777777777777679e-01 8.296296296296296058e-01 8.098765432098765649e-01 8.382716049382715751e-01 8.345679012345679215e-01 8.197530864197530853e-01 8.308641975308641570e-01 8.382716049382715751e-01 8.506172839506173089e-01 8.543209876543209624e-01 8.691358024691357986e-01 8.888888888888888395e-01 9.135802469135801962e-01 9.197530864197530631e-01 9.123456790123456450e-01 8.938271604938271553e-01 9.037037037037036757e-01 9.320987654320987970e-01 9.320987654320987970e-01 9.432098765432098686e-01 9.407407407407407662e-01 9.703703703703703276e-01 9.703703703703703276e-01 9.444444444444444198e-01 8.901234567901235017e-01 6.814814814814814659e-01 0.000000000000000000e+00 0.000000000000000000e+00 0.000000000000000000e+00 0.000000000000000000e+00 0.000000000000000000e+00 0.000000000000000000e+00 0.000000000000000000e+00 0.000000000000000000e+00 0.000000000000000000e+00 0.000000000000000000e+00 0.000000000000000000e+00 0.000000000000000000e+00 0.000000000000000000e+00 0.000000000000000000e+00 0.000000000000000000e+00 0.000000000000000000e+00 0.000000000000000000e+00 0.000000000000000000e+00 0.000000000000000000e+00 0.000000000000000000e+00 6.368159203980099381e-01 6.741293532338308303e-01 6.840796019900498015e-01 6.940298507462686617e-01 6.965174129353234322e-01 6.990049751243780918e-01 7.139303482587064931e-01 7.437810945273631846e-01 7.388059701492537545e-01 7.263681592039801238e-01 7.587064676616915859e-01 7.810945273631840768e-01 7.960199004975124781e-01 8.084577114427861089e-01 7.885572139303482775e-01 7.910447761194029370e-01 8.084577114427861089e-01 8.184079601990049690e-01 8.258706467661691697e-01 8.208955223880597396e-01 8.208955223880597396e-01 8.308457711442785998e-01 8.507462686567164312e-01 8.457711442786070011e-01 8.457711442786070011e-01 8.606965174129352913e-01 8.706467661691542625e-01 8.706467661691542625e-01 8.805970149253731227e-01 8.955223880597015240e-01 9.303482587064676457e-01 7.462686567164179552e-01 0.000000000000000000e+00 0.000000000000000000e+00 0.000000000000000000e+00 0.000000000000000000e+00 0.000000000000000000e+00 0.000000000000000000e+00 0.000000000000000000e+00 0.000000000000000000e+00 0.000000000000000000e+00 0.000000000000000000e+00 0.000000000000000000e+00 0.000000000000000000e+00 0.000000000000000000e+00 0.000000000000000000e+00 0.000000000000000000e+00 0.000000000000000000e+00 0.000000000000000000e+00 0.000000000000000000e+00 0.000000000000000000e+00 0.000000000000000000e+00 2.613975711726060358e-01 2.988254031455305215e-01 3.551662353175393250e-01 3.599442564204658468e-01 3.997610989448536767e-01 4.212621939080230526e-01 5.046784789966155538e-01 5.423053951821620311e-01 4.150905833167429781e-01 4.730240891897272149e-01 5.689826796735019121e-01 5.968544694405734097e-01 5.837149114075252943e-01 5.054748158471032982e-01 3.247063507863826026e-01 5.305594266374676904e-01 5.349392793151502845e-01 5.363328688035038372e-01 5.446944057336253753e-01 6.195500696794743467e-01 6.840533545689827521e-01 6.800716703165439192e-01 6.713119649611785089e-01 7.338244077244674424e-01 7.664742185944654063e-01 6.920167230738603070e-01 6.928130599243479404e-01 7.439777025681862943e-01 7.551264184750149377e-01 7.837945450925740687e-01 8.068883137567191000e-01 6.191519012542304745e-01 0.000000000000000000e+00 0.000000000000000000e+00 0.000000000000000000e+00 0.000000000000000000e+00 0.000000000000000000e+00 0.000000000000000000e+00 0.000000000000000000e+00 0.000000000000000000e+00 0.000000000000000000e+00 0.000000000000000000e+00 0.000000000000000000e+00 0.000000000000000000e+00 0.000000000000000000e+00 0.000000000000000000e+00 0.000000000000000000e+00 0.000000000000000000e+00 0.000000000000000000e+00 0.000000000000000000e+00 0.000000000000000000e+00 0.000000000000000000e+00
7.181688125894134835e-03 5.650929899856938637e-02 1.623175965665235865e-01 1.577396280400572004e-01 1.552789699570815696e-01 1.392274678111588004e-01 5.888412017167382606e-02 1.627753934191702445e-01 3.917882689556509423e-01 4.058655221745350317e-01 4.735908440629471028e-01 5.057796852646637698e-01 6.100429184549356343e-01 6.680114449213161443e-01 6.642918454935621275e-01 7.151072961373391434e-01 7.516452074391988258e-01 7.084120171673820021e-01 6.430901287553647538e-01 6.795708154506437948e-01 7.773962804005722926e-01 8.517882689556509623e-01 8.542203147353362169e-01 8.600858369098712819e-01 9.318454935622317858e-01 9.981688125894133679e-01 1.000000000000000000e+00 9.595708154506437104e-01 9.073533619456365384e-01 8.241773962804005427e-01 4.290414878397710852e-01 0.000000000000000000e+00 0.000000000000000000e+00 0.000000000000000000e+00 0.000000000000000000e+00 0.000000000000000000e+00 0.000000000000000000e+00 0.000000000000000000e+00 0.000000000000000000e+00 0.000000000000000000e+00 0.000000000000000000e+00 0.000000000000000000e+00 0.000000000000000000e+00 0.000000000000000000e+00 0.000000000000000000e+00 0.000000000000000000e+00 0.000000000000000000e+00 0.000000000000000000e+00 0.000000000000000000e+00 0.000000000000000000e+00 0.000000000000000000e+00 0.000000000000000000e+00 6.755573792914785214e-01 6.802762959923402963e-01 6.926890986185200161e-01 6.393448228696484437e-01 3.956367118041307362e-01 2.624128026261797197e-01 2.489057584461769890e-01 3.672548215018465179e-01 3.840103952947613308e-01 3.018738886609218519e-01 3.939953494733962613e-01 4.369101354123922643e-01 4.473054301737108274e-01 4.430652441526466978e-01 3.975858295718779911e-01 4.202571467651484149e-01 5.060183285460264635e-01 5.203802489399534936e-01 4.146149637532485221e-01 3.498153467377923542e-01 3.965941731637258605e-01 4.878607577622759983e-01 4.799617015456161262e-01 4.077759540418547379e-01 4.249760634660100789e-01 5.253385309807139247e-01 5.263643824374230062e-01 3.627068800437696638e-01 1.577759540418547379e-01 2.988647243879086549e-02 6.736424565722883007e-03 0.000000000000000000e+00 0.000000000000000000e+00 0.000000000000000000e+00 0.000000000000000000e+00 0.000000000000000000e+00 0.000000000000000000e+00 0.000000000000000000e+00 0.000000000000000000e+00 0.000000000000000000e+00 0.000000000000000000e+00 0.000000000000000000e+00 0.000000000000000000e+00 0.000000000000000000e+00 0.000000000000000000e+00 0.000000000000000000e+00 0.000000000000000000e+00 0.000000000000000000e+00 0.000000000000000000e+00 0.000000000000000000e+00 0.000000000000000000e+00 0.000000000000000000e+00 8.246913580246914011e-01 8.456790123456789932e-01 8.740740740740741144e-01 8.864197530864197372e-01 8.679012345679012475e-01 8.333333333333333703e-01 7.839506172839506570e-01 7.913580246913580751e-01 8.333333333333333703e-01 8.333333333333333703e-01 8.209876543209876365e-01 8.358024691358024727e-01 8.481481481481480955e-01 8.580246913580247270e-01 8.716049382716049010e-01 8.938271604938271553e-01 9.123456790123456450e-01 9.358024691358024505e-01 9.419753086419753174e-01 9.296296296296295836e-01 9.098765432098765427e-01 9.172839506172839608e-01 9.345679012345678993e-01 9.444444444444444198e-01 9.407407407407407662e-01 9.518518518518518379e-01 9.753086419753086433e-01 9.851851851851851638e-01 9.716049382716049898e-01 9.049382716049382269e-01 5.037037037037036535e-01 0.000000000000000000e+00 0.000000000000000000e+00 0.000000000000000000e+00 0.000000000000000000e+00 0.000000000000000000e+00 0.000000000000000000e+00 0.000000000000000000e+00 0.000000000000000000e+00 0.000000000000000000e+00 0.000000000000000000e+00 0.000000000000000000e+00 0.000000000000000000e+00 0.000000000000000000e+00 0.000000000000000000e+00 0.000000000000000000e+00 0.000000000000000000e+00 0.000000000000000000e+00 0.000000000000000000e+00 0.000000000000000000e+00 0.000000000000000000e+00 0.000000000000000000e+00 7.363184079601989840e-01 6.666666666666666297e-01 6.716417910447761708e-01 6.766169154228856009e-01 6.965174129353234322e-01 7.338308457711443245e-01 7.562189054726368154e-01 7.611940298507462455e-01 7.462686567164179552e-01 7.761194029850746468e-01 8.034825870646765678e-01 8.134328358208955390e-01 8.084577114427861089e-01 8.283582089552238292e-01 8.407960199004974600e-01 8.482587064676616606e-01 8.557213930348258613e-01 8.457711442786070011e-01 8.383084577114428004e-01 8.383084577114428004e-01 8.532338308457710907e-01 8.582089552238806318e-01 8.582089552238806318e-01 8.582089552238806318e-01 8.656716417910447214e-01 8.731343283582089221e-01 8.805970149253731227e-01 8.756218905472636926e-01 9.004975124378109541e-01 9.253731343283582156e-01 5.646766169154229242e-01 0.000000000000000000e+00 0.000000000000000000e+00 0.000000000000000000e+00 0.000000000000000000e+00 0.000000000000000000e+00 0.000000000000000000e+00 0.000000000000000000e+00 0.000000000000000000e+00 0.000000000000000000e+00 0.000000000000000000e+00 0.000000000000000000e+00 0.000000000000000000e+00 0.000000000000000000e+00 0.000000000000000000e+00 0.000000000000000000e+00 0.000000000000000000e+00 0.000000000000000000e+00 0.000000000000000000e+00 0.000000000000000000e+00 0.000000000000000000e+00 0.000000000000000000e+00 3.024089189727254823e-01 3.384431614572964153e-01 2.303404340035835052e-01 2.850885924746167088e-01 3.850288672108301835e-01 5.610193111686243572e-01 5.892892693609396160e-01 4.471431415488751338e-01 4.690424049372884374e-01 5.524586900258808830e-01 5.741588692016722506e-01 3.038025084610790350e-01 2.916583714911407665e-01 3.818435198088791505e-01 4.495321521003384779e-01 4.590881943061915216e-01 4.688433207246665013e-01 4.903444156878359883e-01 5.118455106510053643e-01 5.622138164443558628e-01 5.594266374676487574e-01 5.614174795938682294e-01 5.837149114075252943e-01 6.127812064503285194e-01 5.872984272347202550e-01 5.486760899860640972e-01 5.896874377861834882e-01 6.213418275930718826e-01 6.595659964164841682e-01 6.961974915389209650e-01 3.169420664941269838e-01 0.000000000000000000e+00 0.000000000000000000e+00 0.000000000000000000e+00 0.000000000000000000e+00 0.000000000000000000e+00 0.000000000000000000e+00 0.000000000000000000e+00 0.000000000000000000e+00 0.000000000000000000e+00 0.000000000000000000e+00 0.000000000000000000e+00 0.000000000000000000e+00 0.000000000000000000e+00 0.000000000000000000e+00 0.000000000000000000e+00 0.000000000000000000e+00 0.000000000000000000e+00 0.000000000000000000e+00 0.000000000000000000e+00 0.000000000000000000e+00 0.000000000000000000e+00
1.150214592274678184e-02 1.753934191702432102e-02 1.250643776824034437e-01 2.489270386266094481e-01 2.819456366237482192e-01 2.619170243204577697e-01 2.486123032904148655e-01 1.858369098712446266e-01 6.761087267525035804e-02 2.966809728183119055e-01 3.461230329041488085e-01 3.879256080114449334e-01 4.384549356223176320e-01 3.839771101573676848e-01 5.270100143061516862e-01 6.273247496423461911e-01 7.229470672389126662e-01 7.150786838340486007e-01 6.484406294706724916e-01 6.635193133047210257e-01 7.603433476394849677e-01 8.282975679542203817e-01 8.292131616595135313e-01 8.439198855507867858e-01 9.204291845493562940e-01 9.781402002861230294e-01 9.617739628040057331e-01 9.173676680972817632e-01 8.677253218884120045e-01 7.844062947067238500e-01 7.079828326180257481e-01 0.000000000000000000e+00 0.000000000000000000e+00 0.000000000000000000e+00 0.000000000000000000e+00 0.000000000000000000e+00 0.000000000000000000e+00 0.000000000000000000e+00 0.000000000000000000e+00 0.000000000000000000e+00 0.000000000000000000e+00 0.000000000000000000e+00 0.000000000000000000e+00 0.000000000000000000e+00 0.000000000000000000e+00 0.000000000000000000e+00 0.000000000000000000e+00 0.000000000000000000e+00 0.000000000000000000e+00 0.000000000000000000e+00 0.000000000000000000e+00 0.000000000000000000e+00 7.272602927096156744e-01 7.254479551360962786e-01 7.481534673779236533e-01 7.979072630283134959e-01 7.858706059362603469e-01 5.726986732321159845e-01 3.605525919846806482e-01 2.655245520448639152e-01 2.748256052523594395e-01 4.455956777458623397e-01 3.616468335385035759e-01 3.257078375051292718e-01 4.212488031733005456e-01 4.607782793051565795e-01 3.892080426754205846e-01 3.838394200519764654e-01 4.672411434824237375e-01 4.970250307755436636e-01 4.143414033647928041e-01 3.364108877034605039e-01 3.879086308302557851e-01 4.954178634933661396e-01 4.489467925044453578e-01 3.628778552865545293e-01 4.010053344275749110e-01 4.990083435918478694e-01 4.148201340445902829e-01 2.087949664888524293e-01 5.744768157570783601e-02 4.103405826836274001e-03 8.165777595404186129e-02 0.000000000000000000e+00 0.000000000000000000e+00 0.000000000000000000e+00 0.000000000000000000e+00 0.000000000000000000e+00 0.000000000000000000e+00 0.000000000000000000e+00 0.000000000000000000e+00 0.000000000000000000e+00 0.000000000000000000e+00 0.000000000000000000e+00 0.000000000000000000e+00 0.000000000000000000e+00 0.000000000000000000e+00 0.000000000000000000e+00 0.000000000000000000e+00 0.000000000000000000e+00 0.000000000000000000e+00 0.000000000000000000e+00 0.000000000000000000e+00 0.000000000000000000e+00 8.765432098765432167e-01 8.432098765432098908e-01 8.111111111111111160e-01 7.888888888888888618e-01 8.135802469135802184e-01 8.345679012345679215e-01 8.160493827160494318e-01 7.604938271604938516e-01 7.148148148148147918e-01 7.246913580246913122e-01 7.493827160493826689e-01 7.432098765432099130e-01 7.358024691358024949e-01 7.382716049382715973e-01 7.851851851851852082e-01 7.888888888888888618e-01 7.913580246913580751e-01 8.061728395061728003e-01 8.283950617283950546e-01 8.135802469135802184e-01 7.864197530864197594e-01 7.765432098765432389e-01 8.061728395061728003e-01 8.222222222222221877e-01 8.222222222222221877e-01 8.296296296296296058e-01 8.481481481481480955e-01 8.518518518518518601e-01 8.037037037037036979e-01 6.654320987654320785e-01 5.555555555555555802e-01 0.000000000000000000e+00 0.000000000000000000e+00 0.000000000000000000e+00 0.000000000000000000e+00 0.000000000000000000e+00 0.000000000000000000e+00 0.000000000000000000e+00 0.000000000000000000e+00 0.000000000000000000e+00 0.000000000000000000e+00 0.000000000000000000e+00 0.000000000000000000e+00 0.000000000000000000e+00 0.000000000000000000e+00 0.000000000000000000e+00 0.000000000000000000e+00 0.000000000000000000e+00 0.000000000000000000e+00 0.000000000000000000e+00 0.000000000000000000e+00 0.000000000000000000e+00 6.766169154228856009e-01 6.965174129353234322e-01 7.213930348258706937e-01 7.338308457711443245e-01 7.213930348258706937e-01 7.213930348258706937e-01 7.487562189054726147e-01 7.835820895522388474e-01 8.084577114427861089e-01 8.009950248756219082e-01 8.109452736318407684e-01 8.283582089552238292e-01 8.432835820895522305e-01 8.457711442786070011e-01 8.258706467661691697e-01 8.432835820895522305e-01 8.731343283582089221e-01 8.980099502487561836e-01 9.004975124378109541e-01 9.004975124378109541e-01 8.980099502487561836e-01 9.129353233830845848e-01 9.179104477611940149e-01 9.154228855721393554e-01 9.328358208955224162e-01 9.427860696517412764e-01 9.552238805970149071e-01 9.552238805970149071e-01 9.726368159203979680e-01 1.000000000000000000e+00 9.950248756218905699e-01 0.000000000000000000e+00 0.000000000000000000e+00 0.000000000000000000e+00 0.000000000000000000e+00 0.000000000000000000e+00 0.000000000000000000e+00 0.000000000000000000e+00 0.000000000000000000e+00 0.000000000000000000e+00 0.000000000000000000e+00 0.000000000000000000e+00 0.000000000000000000e+00 0.000000000000000000e+00 0.000000000000000000e+00 0.000000000000000000e+00 0.000000000000000000e+00 0.000000000000000000e+00 0.000000000000000000e+00 0.000000000000000000e+00 0.000000000000000000e+00 0.000000000000000000e+00 2.888711925144336057e-01 3.987656778817439962e-01 5.689826796735019121e-01 5.612183953812461823e-01 5.357356161656381399e-01 5.835158271949034692e-01 6.213418275930718826e-01 6.520007963368504855e-01 6.137766275134381999e-01 4.797929524188731532e-01 6.109894485367309835e-01 6.752936492136173419e-01 6.681266175592275314e-01 6.426438383436193780e-01 5.361337845908819011e-01 6.247262592076447962e-01 6.261198486959983489e-01 6.255225960581325406e-01 6.318932908620346067e-01 6.701174596854470034e-01 6.571769858650209351e-01 6.410511646426437782e-01 7.063507863826398170e-01 7.515429026478199770e-01 7.055544495321520726e-01 6.946048178379453653e-01 7.372088393390404670e-01 7.517419868604420241e-01 7.517419868604420241e-01 7.698586502090384309e-01 7.003782600039817341e-01 0.000000000000000000e+00 0.000000000000000000e+00 0.000000000000000000e+00 0.000000000000000000e+00 0.000000000000000000e+00 0.000000000000000000e+00 0.000000000000000000e+00 0.000000000000000000e+00 0.000000000000000000e+00 0.000000000000000000e+00 0.000000000000000000e+00 0.000000000000000000e+00 0.000000000000000000e+00 0.000000000000000000e+00 0.000000000000000000e+00 0.000000000000000000e+00 0.000000000000000000e+00 0.000000000000000000e+00 0.000000000000000000e+00 0.000000000000000000e+00 0.000000000000000000e+00
1.839198855507868380e-01 1.830042918454935774e-01 3.204577968526466369e-01 4.485550786838340409e-01 4.451788268955650940e-01 3.808011444921316491e-01 3.212017167381974181e-01 2.461802575107296109e-01 1.213447782546495102e-01 2.163090128755364508e-02 4.651788268955650563e-01 4.677825464949928458e-01 4.125321888412016857e-01 4.002861230329041731e-01 4.846924177396280675e-01 4.893848354792560973e-01 4.282403433476394961e-01 4.433762517882689491e-01 5.490414878397711362e-01 6.332188841201716878e-01 6.358512160228898535e-01 6.272961373390558704e-01 6.214306151645208054e-01 6.119027181688125872e-01 6.001144492131617048e-01 5.862947067238912791e-01 5.654363376251788642e-01 5.426323319027182013e-01 5.505579399141631303e-01 6.190271816881258715e-01 7.121602288984263396e-01 7.515593705293275306e-01 7.615450643776823236e-01 7.644062947067238323e-01 7.776537911301859562e-01 7.808297567954219920e-01 7.808297567954219920e-01 7.792846924177395662e-01 7.672675250357653409e-01 7.703576537911301925e-01 8.105007153075821646e-01 8.422889842632332869e-01 8.488125894134477267e-01 8.506437768240343589e-01 8.506437768240343589e-01 8.498426323319027142e-01 8.422889842632332869e-01 8.317882689556509446e-01 7.851788268955650629e-01 7.314735336194563287e-01 6.687267525035764937e-01 6.320457796852646526e-01 7.150184653262207091e-01 7.346122281493639994e-01 7.648748461222815154e-01 8.055669539050746009e-01 8.252291068253316819e-01 7.888797702092736897e-01 5.615852824511010644e-01 2.677814252496238390e-01 1.447134454930925906e-01 1.645807687046915713e-01 5.034536999042538152e-01 5.171659143755984456e-01 4.478183559020653126e-01 3.590480098481739768e-01 3.914307208316235576e-01 4.654971960060182989e-01 4.745588838736150561e-01 4.456298727944193461e-01 4.465873341540144703e-01 4.697715770756394349e-01 4.888866092189850798e-01 5.036930652441525824e-01 5.081384215565586393e-01 5.055395978662290402e-01 4.992135138831897412e-01 4.882710983449596864e-01 4.504171795923950228e-01 3.686568184926822256e-01 3.065586103132266205e-01 3.080973874982902427e-01 3.811038161674189517e-01 4.502462043496101574e-01 4.734988373683490792e-01 4.786964847490083330e-01 4.883052933935165818e-01 4.924086992203528523e-01 4.953152783476952314e-01 4.861852003829845170e-01 4.343113117220626096e-01 3.948160306387634710e-01 4.188551497743127072e-01 4.788674599917931984e-01 5.065996443714949615e-01 5.105320749555464221e-01 5.093352482560524752e-01 5.000000000000000000e-01 4.766789768841471764e-01 4.134865271508685325e-01 2.066064833812064072e-01 2.715086855423334833e-02 1.388318971412939341e-02 9.205307071536041053e-02 8.629629629629629317e-01 8.802469135802468703e-01 8.938271604938271553e-01 9.234567901234568277e-01 9.469135802469136332e-01 9.666666666666666741e-01 9.703703703703703276e-01 9.580246913580247048e-01 9.333333333333333481e-01 9.296296296296295836e-01 9.358024691358024505e-01 9.395061728395062151e-01 9.320987654320987970e-01 9.234567901234568277e-01 9.061728395061728891e-01 9.012345679012345734e-01 9.037037037037036757e-01 9.123456790123456450e-01 9.185185185185185119e-01 9.320987654320987970e-01 9.345679012345678993e-01 9.419753086419753174e-01 9.518518518518518379e-01 9.567901234567901536e-01 9.567901234567901536e-01 9.444444444444444198e-01 9.469135802469136332e-01 9.370370370370370017e-01 9.209876543209876143e-01 9.086419753086419915e-01 9.049382716049382269e-01 9.135802469135801962e-01 9.395061728395062151e-01 9.580246913580247048e-01 9.790123456790122969e-01 9.851851851851851638e-01 9.753086419753086433e-01 9.827160493827160614e-01 9.814814814814815103e-01 9.617283950617283583e-01 9.493827160493827355e-01 9.444444444444444198e-01 9.555555555555556024e-01 9.765432098765431945e-01 9.975308641975308976e-01 1.000000000000000000e+00 1.000000000000000000e+00 1.000000000000000000e+00 9.987654320987654488e-01 9.530864197530863891e-01 8.740740740740741144e-01 7.975308641975308310e-01 6.965174129353234322e-01 7.089552238805970630e-01 7.213930348258706937e-01 7.363184079601989840e-01 7.263681592039801238e-01 7.139303482587064931e-01 7.064676616915422924e-01 7.363184079601989840e-01 7.562189054726368154e-01 7.636815920398010160e-01 7.313432835820895539e-01 7.437810945273631846e-01 7.462686567164179552e-01 7.487562189054726147e-01 7.661691542288556755e-01 7.711442786069652167e-01 7.661691542288556755e-01 7.487562189054726147e-01 7.363184079601989840e-01 7.462686567164179552e-01 7.462686567164179552e-01 7.388059701492537545e-01 7.412935323383084141e-01 7.462686567164179552e-01 7.462686567164179552e-01 7.338308457711443245e-01 7.288557213930347833e-01 7.437810945273631846e-01 7.512437810945273853e-01 7.686567164179104461e-01 7.761194029850746468e-01 7.860696517412935069e-01 7.835820895522388474e-01 7.810945273631840768e-01 7.587064676616915859e-01 7.462686567164179552e-01 7.462686567164179552e-01 7.462686567164179552e-01 7.537313432835820448e-01 7.736318407960198762e-01 7.835820895522388474e-01 7.835820895522388474e-01 7.810945273631840768e-01 7.636815920398010160e-01 7.562189054726368154e-01 7.537313432835820448e-01 7.462686567164179552e-01 7.462686567164179552e-01 7.587064676616915859e-01 8.084577114427861089e-01 8.731343283582089221e-01 8.905472636815920939e-01 3.312761298029066603e-01 5.084610790364324506e-01 5.570376269161855243e-01 5.532550268763686274e-01 5.160262791160660223e-01 5.564403742783197160e-01 7.037626916185546477e-01 8.120645032848894385e-01 8.475014931315946187e-01 6.283097750348397570e-01 2.733426239299223681e-01 3.235118455106509860e-01 5.753533744774039782e-01 7.017718494923352868e-01 6.183555644037428412e-01 4.574955206052160328e-01 5.273740792355166018e-01 5.671909217599043762e-01 6.273143539717300765e-01 6.514035436989846772e-01 6.500099542106311246e-01 6.390603225164244172e-01 6.267171013338642682e-01 6.191519012542304745e-01 6.195500696794743467e-01 6.243280907824010351e-01 6.450328488950826111e-01 7.483575552458688884e-01 8.506868405335457073e-01 8.739796934103125636e-01 8.142544296237308465e-01 7.808082819032450272e-01 7.829982082420864353e-01 7.724467449731236002e-01 7.555245869002588099e-01 7.557236711128807460e-01 7.549273342623930017e-01 7.605016922158073234e-01 7.947441767867807760e-01 8.150507664742184799e-01 7.919569978100736707e-01 7.509456500099541687e-01 7.300418076846505455e-01 7.202866812661755658e-01 7.051562811069082004e-01 6.956002389010550457e-01 6.983874178777622621e-01 7.768265976508063053e-01 8.871192514433605680e-01 9.335058729842722336e-01 8.916981883336650982e-01 8.031057137169022031e-01
2.646638054363376416e-02 7.118741058655221610e-02 2.723032904148783850e-01 3.990271816881258427e-01 3.648640915593705514e-01 2.997997138769670777e-01 2.376824034334764080e-01 1.829470672389127139e-01 1.014592274678111639e-01 2.208869814020028577e-02 3.749070100143061524e-01 3.716165951359084452e-01 3.455793991416308830e-01 4.007439198855507478e-01 4.280400572246065849e-01 3.554792560801144918e-01 4.576824034334763813e-01 5.109012875536480536e-01 5.789985693848354043e-01 5.913018597997138359e-01 5.486981402002861774e-01 5.329041487839770719e-01 5.829184549356223322e-01 6.718741058655220977e-01 7.242632331902718601e-01 7.199427753934191099e-01 7.081258941344779068e-01 7.493848354792560507e-01 7.957939914163090211e-01 8.082117310443490688e-01 8.066952789699570747e-01 7.668097281831187662e-01 7.057796852646637253e-01 6.337625178826895578e-01 5.468383404864091135e-01 5.309585121602289348e-01 6.096137339055793802e-01 6.666380543633763089e-01 2.650929899856938610e-01 0.000000000000000000e+00 0.000000000000000000e+00 0.000000000000000000e+00 0.000000000000000000e+00 0.000000000000000000e+00 0.000000000000000000e+00 0.000000000000000000e+00 0.000000000000000000e+00 0.000000000000000000e+00 0.000000000000000000e+00 0.000000000000000000e+00 0.000000000000000000e+00 0.000000000000000000e+00 8.753932430584051572e-01 8.777868964573929400e-01 9.124606756941594510e-01 9.584188209547257475e-01 9.758924907673368621e-01 9.246341129804404035e-01 6.634181370537545197e-01 3.978251949117768138e-01 2.753043359321570294e-01 2.876487484612228474e-01 5.847695253727259734e-01 5.999521269320202688e-01 5.294077417589932999e-01 5.214061003966625751e-01 5.924976063466009801e-01 6.146559978115169187e-01 5.381616741895772771e-01 5.412050335111475707e-01 5.976610586787033386e-01 6.543222541376008117e-01 6.350704418000273632e-01 5.404527424428942073e-01 4.907673368896183774e-01 5.568321707016824496e-01 6.526466967583093304e-01 6.437559841334974386e-01 5.686294624538367204e-01 5.490698946792504920e-01 6.174599917931883342e-01 6.715565586103132700e-01 6.653330597729448792e-01 5.212351251538777097e-01 2.212077691150321213e-01 4.089727807413486016e-02 2.041444398851046532e-02 1.430036930652441307e-01 2.888113801121597324e-01 3.288879770209273690e-01 1.285391875256462757e-01 0.000000000000000000e+00 0.000000000000000000e+00 0.000000000000000000e+00 0.000000000000000000e+00 0.000000000000000000e+00 0.000000000000000000e+00 0.000000000000000000e+00 0.000000000000000000e+00 0.000000000000000000e+00 0.000000000000000000e+00 0.000000000000000000e+00 0.000000000000000000e+00 0.000000000000000000e+00 8.827160493827160836e-01 8.888888888888888395e-01 8.975308641975308088e-01 9.234567901234568277e-01 9.518518518518518379e-01 9.765432098765431945e-01 9.728395061728395410e-01 9.407407407407407662e-01 9.111111111111110938e-01 8.913580246913580529e-01 8.851851851851851860e-01 8.950617283950617065e-01 8.987654320987654710e-01 8.851851851851851860e-01 8.716049382716049010e-01 8.728395061728394522e-01 9.024691358024691246e-01 8.975308641975308088e-01 8.975308641975308088e-01 9.086419753086419915e-01 9.222222222222222765e-01 9.246913580246913789e-01 9.098765432098765427e-01 8.950617283950617065e-01 9.037037037037036757e-01 9.111111111111110938e-01 9.123456790123456450e-01 9.061728395061728891e-01 9.160493827160494096e-01 9.283950617283950324e-01 9.456790123456789710e-01 9.543209876543209402e-01 9.259259259259259300e-01 8.432098765432098908e-01 7.333333333333332815e-01 6.555555555555555580e-01 7.296296296296296280e-01 8.086419753086420137e-01 3.419753086419752841e-01 0.000000000000000000e+00 0.000000000000000000e+00 0.000000000000000000e+00 0.000000000000000000e+00 0.000000000000000000e+00 0.000000000000000000e+00 0.000000000000000000e+00 0.000000000000000000e+00 0.000000000000000000e+00 0.000000000000000000e+00 0.000000000000000000e+00 0.000000000000000000e+00 0.000000000000000000e+00 7.189054726368159232e-01 7.213930348258706937e-01 7.238805970149253532e-01 7.363184079601989840e-01 7.313432835820895539e-01 7.189054726368159232e-01 7.189054726368159232e-01 7.537313432835820448e-01 7.786069651741293063e-01 7.736318407960198762e-01 7.139303482587064931e-01 7.363184079601989840e-01 7.611940298507462455e-01 7.786069651741293063e-01 7.910447761194029370e-01 7.835820895522388474e-01 7.338308457711443245e-01 7.611940298507462455e-01 7.935323383084577076e-01 7.885572139303482775e-01 7.885572139303482775e-01 7.835820895522388474e-01 7.860696517412935069e-01 7.960199004975124781e-01 7.786069651741293063e-01 7.636815920398010160e-01 7.611940298507462455e-01 7.786069651741293063e-01 7.860696517412935069e-01 7.960199004975124781e-01 7.935323383084577076e-01 7.885572139303482775e-01 8.109452736318407684e-01 8.706467661691542625e-01 9.129353233830845848e-01 9.278606965174129861e-01 9.104477611940298143e-01 8.606965174129352913e-01 3.308457711442785998e-01 0.000000000000000000e+00 0.000000000000000000e+00 0.000000000000000000e+00 0.000000000000000000e+00 0.000000000000000000e+00 0.000000000000000000e+00 0.000000000000000000e+00 0.000000000000000000e+00 0.000000000000000000e+00 0.000000000000000000e+00 0.000000000000000000e+00 0.000000000000000000e+00 0.000000000000000000e+00 5.090583316742981479e-01 6.251244276328886684e-01 6.105912801114871113e-01 5.365319530161257733e-01 5.421063109695400950e-01 6.215409118056938187e-01 7.907624925343419431e-01 9.239498307784193010e-01 9.430619151901253883e-01 8.459088194306191300e-01 4.949233525781405185e-01 4.776030260800318561e-01 6.520007963368504855e-01 6.818634282301413441e-01 6.685247859844714036e-01 6.868405335456898575e-01 5.614174795938682294e-01 6.864423651204459853e-01 6.806689229544096165e-01 6.438383436193508835e-01 6.571769858650209351e-01 7.726458291857456473e-01 7.999203663149512256e-01 4.869599840732629636e-01 5.876965956599641272e-01 6.330877961377662233e-01 7.537328289866613851e-01 7.724467449731236002e-01 7.411905235914791890e-01 7.384033446147719726e-01 7.318335655982480814e-01 7.935496715110491595e-01 8.409317141150706165e-01 8.682062512442763058e-01 8.717897670714711555e-01 8.309775034839737007e-01 8.180370296635476324e-01 7.945450925741589510e-01 2.185944654588891090e-01 0.000000000000000000e+00 0.000000000000000000e+00 0.000000000000000000e+00 0.000000000000000000e+00 0.000000000000000000e+00 0.000000000000000000e+00 0.000000000000000000e+00 0.000000000000000000e+00 0.000000000000000000e+00 0.000000000000000000e+00 0.000000000000000000e+00 0.000000000000000000e+00 0.000000000000000000e+00
1.054935622317596522e-01 1.876108726752503675e-01 3.180257510729613823e-01 3.433762517882689158e-01 2.839198855507868435e-01 2.186552217453505143e-01 1.548497854077253433e-01 8.022889842632331681e-02 1.851216022889842772e-02 3.021745350500715244e-01 2.917310443490701011e-01 3.292417739628040185e-01 3.482975679542202885e-01 2.846351931330471929e-01 3.726466380543633772e-01 4.491273247496423426e-01 5.044921316165951186e-01 5.063805436337625032e-01 4.618597997138769728e-01 4.742203147353362125e-01 5.488984263233190886e-01 6.203433476394849544e-01 6.395708154506438703e-01 6.298712446351931726e-01 6.626323319027181968e-01 7.209728183118742084e-01 7.303290414878397252e-01 7.292131616595135535e-01 7.298998569384835822e-01 7.278683834048641499e-01 7.220028612303290849e-01 7.068383404864091446e-01 6.544492131616596042e-01 5.908726752503575819e-01 4.981688125894134234e-01 4.296137339055793869e-01 3.337625178826895689e-01 0.000000000000000000e+00 0.000000000000000000e+00 0.000000000000000000e+00 0.000000000000000000e+00 0.000000000000000000e+00 0.000000000000000000e+00 0.000000000000000000e+00 0.000000000000000000e+00 0.000000000000000000e+00 0.000000000000000000e+00 0.000000000000000000e+00 0.000000000000000000e+00 0.000000000000000000e+00 0.000000000000000000e+00 0.000000000000000000e+00 7.351593489262754355e-01 7.509232663110381178e-01 7.753385309807140358e-01 7.875461633155518282e-01 7.700041034058269229e-01 6.219053481055942800e-01 3.650321433456435449e-01 1.997674736698126230e-01 1.713513883189714260e-01 4.243263575434277346e-01 3.692723293667077300e-01 3.585350841198194360e-01 4.277116673505675926e-01 4.453905074545205789e-01 3.820270824784571251e-01 3.535768020790589494e-01 4.106141430720831598e-01 4.596498427027766454e-01 4.295240049240869329e-01 3.510121734372862456e-01 3.491998358637669053e-01 4.131103816167418508e-01 4.511694706606483307e-01 4.164273013267678625e-01 3.829161537409382920e-01 4.351319928874298748e-01 4.770893174668308090e-01 4.787648748461222348e-01 4.739775680481465581e-01 4.653604158117904954e-01 4.534263438654082545e-01 4.155040350157296891e-01 2.449391328135685775e-01 8.856517576254957502e-02 1.248119272329366661e-02 1.295992340309123220e-02 3.587060593626043015e-02 0.000000000000000000e+00 0.000000000000000000e+00 0.000000000000000000e+00 0.000000000000000000e+00 0.000000000000000000e+00 0.000000000000000000e+00 0.000000000000000000e+00 0.000000000000000000e+00 0.000000000000000000e+00 0.000000000000000000e+00 0.000000000000000000e+00 0.000000000000000000e+00 0.000000000000000000e+00 0.000000000000000000e+00 0.000000000000000000e+00 7.975308641975308310e-01 8.419753086419753396e-01 8.913580246913580529e-01 9.222222222222222765e-01 9.320987654320987970e-01 9.308641975308642458e-01 9.160493827160494096e-01 8.962962962962962576e-01 8.753086419753086656e-01 8.962962962962962576e-01 8.827160493827160836e-01 8.839506172839506348e-01 8.753086419753086656e-01 8.703703703703703498e-01 8.703703703703703498e-01 8.888888888888888395e-01 8.864197530864197372e-01 8.901234567901235017e-01 8.827160493827160836e-01 8.827160493827160836e-01 8.876543209876542884e-01 9.000000000000000222e-01 9.037037037037036757e-01 9.135802469135801962e-01 9.135802469135801962e-01 9.185185185185185119e-01 9.283950617283950324e-01 9.432098765432098686e-01 9.506172839506172867e-01 9.506172839506172867e-01 9.555555555555556024e-01 9.543209876543209402e-01 9.456790123456789710e-01 9.185185185185185119e-01 8.506172839506173089e-01 7.358024691358024949e-01 5.222222222222222543e-01 0.000000000000000000e+00 0.000000000000000000e+00 0.000000000000000000e+00 0.000000000000000000e+00 0.000000000000000000e+00 0.000000000000000000e+00 0.000000000000000000e+00 0.000000000000000000e+00 0.000000000000000000e+00 0.000000000000000000e+00 0.000000000000000000e+00 0.000000000000000000e+00 0.000000000000000000e+00 0.000000000000000000e+00 0.000000000000000000e+00 6.542288557213929989e-01 6.965174129353234322e-01 7.363184079601989840e-01 7.487562189054726147e-01 7.587064676616915859e-01 7.611940298507462455e-01 7.686567164179104461e-01 7.711442786069652167e-01 7.786069651741293063e-01 7.014925373134328623e-01 7.388059701492537545e-01 7.736318407960198762e-01 7.910447761194029370e-01 7.960199004975124781e-01 7.661691542288556755e-01 7.537313432835820448e-01 7.711442786069652167e-01 7.960199004975124781e-01 7.960199004975124781e-01 7.960199004975124781e-01 7.960199004975124781e-01 7.960199004975124781e-01 7.985074626865671377e-01 8.084577114427861089e-01 8.084577114427861089e-01 8.084577114427861089e-01 8.084577114427861089e-01 8.134328358208955390e-01 8.208955223880597396e-01 8.208955223880597396e-01 8.109452736318407684e-01 8.084577114427861089e-01 7.985074626865671377e-01 8.184079601990049690e-01 8.681592039800994920e-01 9.079601990049751548e-01 7.338308457711443245e-01 0.000000000000000000e+00 0.000000000000000000e+00 0.000000000000000000e+00 0.000000000000000000e+00 0.000000000000000000e+00 0.000000000000000000e+00 0.000000000000000000e+00 0.000000000000000000e+00 0.000000000000000000e+00 0.000000000000000000e+00 0.000000000000000000e+00 0.000000000000000000e+00 0.000000000000000000e+00 0.000000000000000000e+00 0.000000000000000000e+00 5.472825004977104335e-01 5.755524586900259143e-01 5.793350587298427001e-01 5.689826796735019121e-01 5.711726060123432092e-01 6.520007963368504855e-01 7.760302608003185609e-01 8.202269560023890405e-01 7.601035237905634512e-01 4.716304997013736622e-01 5.769460481783794670e-01 6.213418275930718826e-01 5.908819430619152158e-01 6.557833963766672714e-01 5.357356161656381399e-01 6.034242484570974119e-01 6.410511646426437782e-01 6.223372486561815631e-01 6.525980489747162938e-01 7.003782600039817341e-01 6.908222177981285794e-01 6.643440175194106345e-01 6.762890702767270223e-01 7.236711128807485904e-01 7.308381445351384009e-01 7.169022496516026521e-01 7.230738602428826711e-01 7.230738602428826711e-01 7.194903444156878214e-01 7.182958391399562048e-01 7.143141548875173719e-01 7.523392394983077214e-01 8.347601035237905975e-01 8.733824407724467553e-01 8.891100935695799290e-01 8.747760302608003080e-01 4.582918574557037217e-01 0.000000000000000000e+00 0.000000000000000000e+00 0.000000000000000000e+00 0.000000000000000000e+00 0.000000000000000000e+00 0.000000000000000000e+00 0.000000000000000000e+00 0.000000000000000000e+00 0.000000000000000000e+00 0.000000000000000000e+00 0.000000000000000000e+00 0.000000000000000000e+00 0.000000000000000000e+00 0.000000000000000000e+00 0.000000000000000000e+00
1.717596566523605095e-01 3.195994277539341843e-01 4.277253218884120578e-01 4.089556509298998277e-01 3.416595135908440106e-01 2.877539341917024207e-01 2.112732474964234552e-01 7.502145922746780715e-02 1.929327610872675069e-01 4.294134477825464757e-01 3.862088698140200282e-01 4.305007153075822157e-01 4.974248927038626422e-01 4.273533619456366117e-01 5.031473533619456040e-01 5.896995708154506577e-01 6.419456366237481504e-01 6.387982832618025464e-01 5.846924177396279898e-01 6.013733905579399242e-01 7.128183118741059365e-01 8.030901287553648960e-01 8.097567954220314945e-01 7.911874105865521756e-01 8.152789699570816007e-01 8.937052932761087032e-01 9.342775393419170404e-01 9.394849785407725085e-01 9.355650929899856916e-01 9.238054363376251299e-01 8.626037195994278317e-01 7.711587982832617261e-01 6.504721030042919239e-01 5.560228898426323729e-01 5.141344778254649528e-01 1.004577968526466497e-01 0.000000000000000000e+00 0.000000000000000000e+00 0.000000000000000000e+00 0.000000000000000000e+00 0.000000000000000000e+00 0.000000000000000000e+00 0.000000000000000000e+00 0.000000000000000000e+00 0.000000000000000000e+00 0.000000000000000000e+00 0.000000000000000000e+00 0.000000000000000000e+00 0.000000000000000000e+00 0.000000000000000000e+00 0.000000000000000000e+00 0.000000000000000000e+00 9.004924086992203147e-01 9.305156613322389525e-01 9.557516071672821356e-01 9.659759266858158888e-01 9.057242511284364639e-01 6.342155655861031471e-01 3.679045274244289732e-01 2.601901244699767468e-01 4.374914512378607623e-01 6.131172206264532409e-01 5.157639173847626823e-01 4.917931883463274589e-01 6.027561209136916842e-01 6.454657365613458708e-01 5.634660101217343620e-01 5.060867186431404763e-01 5.606962111886198974e-01 6.289495281083298250e-01 5.930105320749555764e-01 4.840651073724523967e-01 5.039324305840514606e-01 6.210846669402270148e-01 6.533647927780057429e-01 5.721857475037613883e-01 5.316988100123102301e-01 6.088086445082752096e-01 6.730269456982629350e-01 6.808234167692518435e-01 6.740527971549719055e-01 6.422172069484337609e-01 4.160853508411981871e-01 1.049446040213376924e-01 1.032690466420462319e-02 1.767884010395294817e-02 5.806319244973327798e-02 1.655040350157297238e-02 0.000000000000000000e+00 0.000000000000000000e+00 0.000000000000000000e+00 0.000000000000000000e+00 0.000000000000000000e+00 0.000000000000000000e+00 0.000000000000000000e+00 0.000000000000000000e+00 0.000000000000000000e+00 0.000000000000000000e+00 0.000000000000000000e+00 0.000000000000000000e+00 0.000000000000000000e+00 0.000000000000000000e+00 0.000000000000000000e+00 0.000000000000000000e+00 9.037037037037036757e-01 9.098765432098765427e-01 9.320987654320987970e-01 9.481481481481481843e-01 9.654320987654321229e-01 9.518518518518518379e-01 9.222222222222222765e-01 8.913580246913580529e-01 8.604938271604938294e-01 8.703703703703703498e-01 8.901234567901235017e-01 8.728395061728394522e-01 8.691358024691357986e-01 8.703703703703703498e-01 8.901234567901235017e-01 8.925925925925926041e-01 8.987654320987654710e-01 9.061728395061728891e-01 9.074074074074074403e-01 9.135802469135801962e-01 9.086419753086419915e-01 9.061728395061728891e-01 9.296296296296295836e-01 9.493827160493827355e-01 9.481481481481481843e-01 9.444444444444444198e-01 9.469135802469136332e-01 9.629629629629629095e-01 9.876543209876542662e-01 9.938271604938271331e-01 9.839506172839506126e-01 9.333333333333333481e-01 8.320987654320988192e-01 6.913580246913579863e-01 6.098765432098764983e-01 1.197530864197530881e-01 0.000000000000000000e+00 0.000000000000000000e+00 0.000000000000000000e+00 0.000000000000000000e+00 0.000000000000000000e+00 0.000000000000000000e+00 0.000000000000000000e+00 0.000000000000000000e+00 0.000000000000000000e+00 0.000000000000000000e+00 0.000000000000000000e+00 0.000000000000000000e+00 0.000000000000000000e+00 0.000000000000000000e+00 0.000000000000000000e+00 0.000000000000000000e+00 6.766169154228856009e-01 6.915422885572138911e-01 7.014925373134328623e-01 7.089552238805970630e-01 7.039800995024875219e-01 7.089552238805970630e-01 7.363184079601989840e-01 7.562189054726368154e-01 7.512437810945273853e-01 7.388059701492537545e-01 7.537313432835820448e-01 7.611940298507462455e-01 7.810945273631840768e-01 7.835820895522388474e-01 7.562189054726368154e-01 7.512437810945273853e-01 7.686567164179104461e-01 7.711442786069652167e-01 7.711442786069652167e-01 7.587064676616915859e-01 7.686567164179104461e-01 7.835820895522388474e-01 7.860696517412935069e-01 7.835820895522388474e-01 7.835820895522388474e-01 7.835820895522388474e-01 7.885572139303482775e-01 7.860696517412935069e-01 7.761194029850746468e-01 7.711442786069652167e-01 7.761194029850746468e-01 8.283582089552238292e-01 8.855721393034825528e-01 9.203980099502487855e-01 9.203980099502487855e-01 1.840796019900497460e-01 0.000000000000000000e+00 0.000000000000000000e+00 0.000000000000000000e+00 0.000000000000000000e+00 0.000000000000000000e+00 0.000000000000000000e+00 0.000000000000000000e+00 0.000000000000000000e+00 0.000000000000000000e+00 0.000000000000000000e+00 0.000000000000000000e+00 0.000000000000000000e+00 0.000000000000000000e+00 0.000000000000000000e+00 0.000000000000000000e+00 0.000000000000000000e+00 5.789368903045988279e-01 5.892892693609396160e-01 5.801313955803304445e-01 5.484770057734421611e-01 5.837149114075252943e-01 6.725064702369102365e-01 8.118654190722676134e-01 8.216205454907425931e-01 4.288273939876567908e-01 4.863627314353972109e-01 6.940075652000796680e-01 7.620943659167828121e-01 6.735018913000199170e-01 7.188930917778220131e-01 5.857057535337447662e-01 6.476209436591678914e-01 6.372685646028269923e-01 6.121839538124627111e-01 6.679275333466055953e-01 7.752339239498307055e-01 7.812064503284888994e-01 7.405932709536133807e-01 7.521401552856858963e-01 8.017121242285486504e-01 8.196297033645231211e-01 7.780211029265379219e-01 7.682659765080628311e-01 7.766275134381843692e-01 7.742385028867210250e-01 7.861835556440374129e-01 8.791558829384830132e-01 9.510252836950029431e-01 1.000000000000000000e+00 9.988054947242682724e-01 9.530161258212223041e-01 1.134780011945052680e-01 0.000000000000000000e+00 0.000000000000000000e+00 0.000000000000000000e+00 0.000000000000000000e+00 0.000000000000000000e+00 0.000000000000000000e+00 0.000000000000000000e+00 0.000000000000000000e+00 0.000000000000000000e+00 0.000000000000000000e+00 0.000000000000000000e+00 0.000000000000000000e+00 0.000000000000000000e+00 0.000000000000000000e+00 0.000000000000000000e+00 0.000000000000000000e+00
6.494992846924177270e-03 8.357653791130185972e-02 1.987410586552217640e-01 2.178826895565093014e-01 1.890701001430614980e-01 1.714163090128755507e-01 1.855793991416309074e-01 1.783977110157367596e-01 1.336766809728183181e-01 3.042060085836910122e-01 2.854649499284692693e-01 2.914449213161659502e-01 3.225751072961373644e-01 3.023748211731044355e-01 3.057510729613733824e-01 3.823462088698140193e-01 4.695278969957081272e-01 5.082689556509298878e-01 4.799999999999999822e-01 4.702432045779685321e-01 5.111874105865521489e-01 5.705865522174534687e-01 5.952503576537911956e-01 6.046924177396281186e-01 6.126752503576538000e-01 6.385979971387697463e-01 6.829184549356224210e-01 6.958798283261802275e-01 6.757653791130187049e-01 6.745064377682403745e-01 6.667525035765379249e-01 6.315879828326180778e-01 6.005722460658082795e-01 2.376251788268955722e-01 0.000000000000000000e+00 0.000000000000000000e+00 0.000000000000000000e+00 0.000000000000000000e+00 0.000000000000000000e+00 0.000000000000000000e+00 0.000000000000000000e+00 0.000000000000000000e+00 0.000000000000000000e+00 0.000000000000000000e+00 0.000000000000000000e+00 0.000000000000000000e+00 0.000000000000000000e+00 0.000000000000000000e+00 0.000000000000000000e+00 0.000000000000000000e+00 0.000000000000000000e+00 0.000000000000000000e+00 4.824237450417179218e-01 5.241758993297770397e-01 6.048762139242237490e-01 6.310012310217479881e-01 6.137669265490357517e-01 5.132334837915469850e-01 3.454725755710572610e-01 2.010668855149774226e-01 1.824647790999863184e-01 3.468745725618930242e-01 2.919231295308439278e-01 2.348173984407057879e-01 2.901107919573245875e-01 3.285118314868007428e-01 2.994802352619340691e-01 2.769115032143345534e-01 3.290931473122691853e-01 4.115032143345643822e-01 3.970045137464094931e-01 3.147996170154561679e-01 2.817672001094241319e-01 3.598003009164272847e-01 4.381069621118862112e-01 4.271987416222130518e-01 3.390097113937901585e-01 3.072767063329229775e-01 4.159143755984133217e-01 5.100533442757487768e-01 4.601285733825741797e-01 2.946587334154014415e-01 1.024141704281220089e-01 7.180960196963479501e-03 4.831760361099712853e-02 5.454110244836547772e-02 0.000000000000000000e+00 0.000000000000000000e+00 0.000000000000000000e+00 0.000000000000000000e+00 0.000000000000000000e+00 0.000000000000000000e+00 0.000000000000000000e+00 0.000000000000000000e+00 0.000000000000000000e+00 0.000000000000000000e+00 0.000000000000000000e+00 0.000000000000000000e+00 0.000000000000000000e+00 0.000000000000000000e+00 0.000000000000000000e+00 0.000000000000000000e+00 0.000000000000000000e+00 0.000000000000000000e+00 8.716049382716049010e-01 8.790123456790123191e-01 8.827160493827160836e-01 8.814814814814815325e-01 8.765432098765432167e-01 8.765432098765432167e-01 8.691358024691357986e-01 8.592592592592592782e-01 8.456790123456789932e-01 8.320987654320988192e-01 8.419753086419753396e-01 8.345679012345679215e-01 8.271604938271605034e-01 8.271604938271605034e-01 8.358024691358024727e-01 8.395061728395061262e-01 8.382716049382715751e-01 8.370370370370370239e-01 8.444444444444444420e-01 8.493827160493827577e-01 8.419753086419753396e-01 8.407407407407407884e-01 8.395061728395061262e-01 8.506172839506173089e-01 8.629629629629629317e-01 8.641975308641974829e-01 8.654320987654321451e-01 8.753086419753086656e-01 8.888888888888888395e-01 8.864197530864197372e-01 8.654320987654321451e-01 8.308641975308641570e-01 8.061728395061728003e-01 3.172839506172839275e-01 0.000000000000000000e+00 0.000000000000000000e+00 0.000000000000000000e+00 0.000000000000000000e+00 0.000000000000000000e+00 0.000000000000000000e+00 0.000000000000000000e+00 0.000000000000000000e+00 0.000000000000000000e+00 0.000000000000000000e+00 0.000000000000000000e+00 0.000000000000000000e+00 0.000000000000000000e+00 0.000000000000000000e+00 0.000000000000000000e+00 0.000000000000000000e+00 0.000000000000000000e+00 0.000000000000000000e+00 5.895522388059701857e-01 5.895522388059701857e-01 5.970149253731342753e-01 5.970149253731342753e-01 5.970149253731342753e-01 5.970149253731342753e-01 6.119402985074626766e-01 6.243781094527363074e-01 6.368159203980099381e-01 6.218905472636815368e-01 6.218905472636815368e-01 6.268656716417910779e-01 6.218905472636815368e-01 6.218905472636815368e-01 6.243781094527363074e-01 6.218905472636815368e-01 6.343283582089552786e-01 6.442786069651741387e-01 6.467661691542289093e-01 6.393034825870647087e-01 6.467661691542289093e-01 6.641791044776119701e-01 6.766169154228856009e-01 6.840796019900498015e-01 6.741293532338308303e-01 6.716417910447761708e-01 6.741293532338308303e-01 6.791044776119402604e-01 6.716417910447761708e-01 6.766169154228856009e-01 6.940298507462686617e-01 7.114427860696517225e-01 7.263681592039801238e-01 2.935323383084577076e-01 0.000000000000000000e+00 0.000000000000000000e+00 0.000000000000000000e+00 0.000000000000000000e+00 0.000000000000000000e+00 0.000000000000000000e+00 0.000000000000000000e+00 0.000000000000000000e+00 0.000000000000000000e+00 0.000000000000000000e+00 0.000000000000000000e+00 0.000000000000000000e+00 0.000000000000000000e+00 0.000000000000000000e+00 0.000000000000000000e+00 0.000000000000000000e+00 0.000000000000000000e+00 0.000000000000000000e+00 1.003384431614572914e-01 2.534342026677284254e-01 2.771252239697391540e-01 2.819032450726657313e-01 3.006171610591280019e-01 3.402349193708938957e-01 3.712920565399163708e-01 3.790563408321719896e-01 3.135576348795540702e-01 1.202468644236511924e-01 2.834959187736412756e-01 3.368504877563208710e-01 3.677085407127214656e-01 3.770654987059526286e-01 3.643241090981484964e-01 3.710929723272944347e-01 3.933904041409516106e-01 4.069281305992434872e-01 4.140951622536332977e-01 4.186740991439378834e-01 4.144933306788771143e-01 4.140951622536332977e-01 4.152896675293649142e-01 4.415687835954608675e-01 4.714314154887517816e-01 4.889508261994823801e-01 4.895480788373481884e-01 5.014931315946645762e-01 5.124427632888711726e-01 5.293649213617359628e-01 5.327493529763089875e-01 5.369301214413696455e-01 5.456898267967350558e-01 1.835556440374278286e-01 0.000000000000000000e+00 0.000000000000000000e+00 0.000000000000000000e+00 0.000000000000000000e+00 0.000000000000000000e+00 0.000000000000000000e+00 0.000000000000000000e+00 0.000000000000000000e+00 0.000000000000000000e+00 0.000000000000000000e+00 0.000000000000000000e+00 0.000000000000000000e+00 0.000000000000000000e+00 0.000000000000000000e+00 0.000000000000000000e+00 0.000000000000000000e+00 0.000000000000000000e+00 0.000000000000000000e+00
2.117310443490701046e-03 3.937052932761087032e-02 1.634620886981401899e-01 2.600572246065808169e-01 2.524177396280400942e-01 2.249213161659513738e-01 2.028326180257510603e-01 1.902718168812589372e-01 1.391702432045779647e-01 1.060658082975679539e-01 2.141917024320457996e-01 3.414878397711015867e-01 3.403433476394849833e-01 3.511301859799714209e-01 4.021173104434907497e-01 3.999141630901287825e-01 3.529899856938483738e-01 3.793133047210300313e-01 4.882403433476394938e-01 5.676680972818312076e-01 6.163948497854078168e-01 6.496709585121601682e-01 5.992274678111588759e-01 5.625751072961373556e-01 5.989699570815451013e-01 6.642346208869813751e-01 6.943919885550786653e-01 7.019170243204577719e-01 7.112732474964235108e-01 7.544492131616595820e-01 7.946208869814019859e-01 8.018025751072962448e-01 7.954506437768240623e-01 7.886123032904148733e-01 7.725321888412016724e-01 7.361087267525034950e-01 6.960515021459227070e-01 7.404864091559369976e-01 3.396566523605150101e-01 0.000000000000000000e+00 0.000000000000000000e+00 0.000000000000000000e+00 0.000000000000000000e+00 0.000000000000000000e+00 0.000000000000000000e+00 0.000000000000000000e+00 0.000000000000000000e+00 0.000000000000000000e+00 0.000000000000000000e+00 0.000000000000000000e+00 0.000000000000000000e+00 0.000000000000000000e+00 6.229995896594173743e-01 6.332239091779510165e-01 7.026056627000409893e-01 7.734236082615237873e-01 7.695595677745862284e-01 6.962795787170017459e-01 5.478730679797565450e-01 3.798727944193681094e-01 2.852209000136780026e-01 3.152783476952537023e-01 4.010053344275749110e-01 4.509984954178635208e-01 4.243263575434277346e-01 3.568253316919710039e-01 3.721105183969361518e-01 4.402612501709752268e-01 4.599917931883463207e-01 4.431336342497606551e-01 4.715497196006018243e-01 4.681986048420188617e-01 4.670359731910819212e-01 5.394952810832991386e-01 5.266037477773217734e-01 4.377308165777594740e-01 3.853098071399261304e-01 4.532211735740664937e-01 5.356996306934755925e-01 5.118314868007112217e-01 4.198126111339078315e-01 4.127342360826152246e-01 5.167897688414717638e-01 5.711257009984954669e-01 5.385036246751470079e-01 3.681780878128846912e-01 1.324374230611407577e-01 8.651347284913145363e-03 6.750102585145670298e-02 2.035289290110792182e-01 1.321980577212419627e-01 0.000000000000000000e+00 0.000000000000000000e+00 0.000000000000000000e+00 0.000000000000000000e+00 0.000000000000000000e+00 0.000000000000000000e+00 0.000000000000000000e+00 0.000000000000000000e+00 0.000000000000000000e+00 0.000000000000000000e+00 0.000000000000000000e+00 0.000000000000000000e+00 0.000000000000000000e+00 8.851851851851851860e-01 8.777777777777777679e-01 8.814814814814815325e-01 8.864197530864197372e-01 8.938271604938271553e-01 9.012345679012345734e-01 8.987654320987654710e-01 8.938271604938271553e-01 8.851851851851851860e-01 8.790123456790123191e-01 8.703703703703703498e-01 8.555555555555555136e-01 8.518518518518518601e-01 8.567901234567901758e-01 8.716049382716049010e-01 8.802469135802468703e-01 8.716049382716049010e-01 8.641975308641974829e-01 8.555555555555555136e-01 8.740740740740741144e-01 8.851851851851851860e-01 8.938271604938271553e-01 9.049382716049382269e-01 9.123456790123456450e-01 9.086419753086419915e-01 9.000000000000000222e-01 9.024691358024691246e-01 9.209876543209876143e-01 9.246913580246913789e-01 9.222222222222222765e-01 9.148148148148148584e-01 9.172839506172839608e-01 9.234567901234568277e-01 9.296296296296295836e-01 9.148148148148148584e-01 8.691358024691357986e-01 8.061728395061728003e-01 7.864197530864197594e-01 3.209876543209876365e-01 0.000000000000000000e+00 0.000000000000000000e+00 0.000000000000000000e+00 0.000000000000000000e+00 0.000000000000000000e+00 0.000000000000000000e+00 0.000000000000000000e+00 0.000000000000000000e+00 0.000000000000000000e+00 0.000000000000000000e+00 0.000000000000000000e+00 0.000000000000000000e+00 0.000000000000000000e+00 5.447761194029850929e-01 5.597014925373133831e-01 5.671641791044775838e-01 5.721393034825870139e-01 5.671641791044775838e-01 5.721393034825870139e-01 5.721393034825870139e-01 5.746268656716417844e-01 5.920398009950248452e-01 5.970149253731342753e-01 5.945273631840796158e-01 5.845771144278606446e-01 5.845771144278606446e-01 5.845771144278606446e-01 5.895522388059701857e-01 5.970149253731342753e-01 5.970149253731342753e-01 5.970149253731342753e-01 5.970149253731342753e-01 6.019900497512438164e-01 6.218905472636815368e-01 6.218905472636815368e-01 6.144278606965174472e-01 5.995024875621890459e-01 6.069651741293532465e-01 6.243781094527363074e-01 6.293532338308457375e-01 6.268656716417910779e-01 6.343283582089552786e-01 6.417910447761193682e-01 6.567164179104477695e-01 6.517412935323383394e-01 6.442786069651741387e-01 6.393034825870647087e-01 6.815920398009950310e-01 7.462686567164179552e-01 8.009950248756219082e-01 8.109452736318407684e-01 3.134328358208955390e-01 0.000000000000000000e+00 0.000000000000000000e+00 0.000000000000000000e+00 0.000000000000000000e+00 0.000000000000000000e+00 0.000000000000000000e+00 0.000000000000000000e+00 0.000000000000000000e+00 0.000000000000000000e+00 0.000000000000000000e+00 0.000000000000000000e+00 0.000000000000000000e+00 0.000000000000000000e+00 2.166036233326697202e-01 3.348596456301015101e-01 3.947839936293052188e-01 4.115070674895480729e-01 4.206649412701572999e-01 4.499303205255822946e-01 4.967151104917379989e-01 5.267768265976507935e-01 5.610193111686243572e-01 4.738204260402150148e-01 7.167031654389806328e-02 2.050567390005972601e-01 3.704957196894286264e-01 4.553055942663746247e-01 4.831773840334461223e-01 4.847700577344216666e-01 4.742185944654588314e-01 4.395779414692415066e-01 4.379852677682659623e-01 4.453513836352777089e-01 4.630698785586302990e-01 4.640652996217399795e-01 4.664543101732032682e-01 4.903444156878359883e-01 5.036830579335058733e-01 5.016922158072865123e-01 5.034839737208839372e-01 5.196097949432609830e-01 5.454907425841131197e-01 5.550467847899661633e-01 5.534541110889906745e-01 5.618156480191121016e-01 5.918773641250248962e-01 6.187537328289867133e-01 6.149711327891697055e-01 6.084013537726458143e-01 6.084013537726458143e-01 5.904837746366713436e-01 1.411507067489548295e-01 0.000000000000000000e+00 0.000000000000000000e+00 0.000000000000000000e+00 0.000000000000000000e+00 0.000000000000000000e+00 0.000000000000000000e+00 0.000000000000000000e+00 0.000000000000000000e+00 0.000000000000000000e+00 0.000000000000000000e+00 0.000000000000000000e+00 0.000000000000000000e+00 0.000000000000000000e+00
4.486409155937053084e-02 7.050071530758225680e-02 1.975107296137338930e-01 3.060085836909871015e-01 2.859227467811158441e-01 2.410300429184549231e-01 2.107582260371959892e-01 1.906437768240343278e-01 1.519027181688125949e-01 4.918454935622317697e-02 2.859513590844062758e-01 3.478683834048640899e-01 3.297854077253218885e-01 3.363948497854077346e-01 3.749642346208869603e-01 4.009155937052932828e-01 3.740486409155936998e-01 3.574535050071530606e-01 4.071244635193133066e-01 5.121316165951359523e-01 5.509871244635192733e-01 5.208297567954219831e-01 5.543919885550786519e-01 5.943061516452073922e-01 5.935622317596566111e-01 5.587124463519312911e-01 5.304721030042918173e-01 5.625751072961373556e-01 6.510157367668097939e-01 7.178826895565092459e-01 7.195708154506438303e-01 7.019742489270386354e-01 6.970529327610872627e-01 7.155078683834048547e-01 7.560228898426323285e-01 7.806580829756796236e-01 7.717596566523605706e-01 7.501287553648068318e-01 7.190844062947067128e-01 6.900715307582261371e-01 6.499570815450643746e-01 5.955078683834049702e-01 5.691273247496423382e-01 2.499284692417739762e-01 0.000000000000000000e+00 0.000000000000000000e+00 0.000000000000000000e+00 0.000000000000000000e+00 0.000000000000000000e+00 0.000000000000000000e+00 0.000000000000000000e+00 0.000000000000000000e+00 7.336547667897688196e-01 7.336889618383257705e-01 7.856654356449185306e-01 8.490288606209820399e-01 8.339146491588017573e-01 7.863151415675010414e-01 6.774723020106688809e-01 4.745246888250581052e-01 2.829640268089180788e-01 1.926890986185200438e-01 3.806250854876213618e-01 4.179318834632745339e-01 3.552865545069073816e-01 2.747914102038024886e-01 2.815620298180823156e-01 3.598686910135412420e-01 3.972096840377513094e-01 3.833264943236219247e-01 3.577144029544521708e-01 3.927301326767884126e-01 3.973806592805361193e-01 3.288879770209273690e-01 3.197578990562166545e-01 3.555601148953630997e-01 4.065449322938038956e-01 4.009369443304609537e-01 3.399329777048283319e-01 2.940432225413759926e-01 3.268704691560661568e-01 4.001504582136506394e-01 4.212488031733005456e-01 3.967993434550677323e-01 3.285802215839146445e-01 2.821433456435508136e-01 3.486185200382984628e-01 4.286691287101627168e-01 4.288059089043906313e-01 3.575092326631103545e-01 2.118725208589796183e-01 7.208316235809054950e-02 5.813158254684721790e-03 2.383394884420735743e-02 7.820407604978799054e-02 6.729585556011490055e-02 0.000000000000000000e+00 0.000000000000000000e+00 0.000000000000000000e+00 0.000000000000000000e+00 0.000000000000000000e+00 0.000000000000000000e+00 0.000000000000000000e+00 0.000000000000000000e+00 8.407407407407407884e-01 8.518518518518518601e-01 8.456790123456789932e-01 8.493827160493827577e-01 8.654320987654321451e-01 8.666666666666666963e-01 8.592592592592592782e-01 8.333333333333333703e-01 8.000000000000000444e-01 7.641975308641975051e-01 7.654320987654320563e-01 7.555555555555555358e-01 7.543209876543209846e-01 7.530864197530864335e-01 7.530864197530864335e-01 7.530864197530864335e-01 7.530864197530864335e-01 7.530864197530864335e-01 7.580246913580246382e-01 7.666666666666667185e-01 7.765432098765432389e-01 7.839506172839506570e-01 7.888888888888888618e-01 7.888888888888888618e-01 7.962962962962962798e-01 7.962962962962962798e-01 7.938271604938271775e-01 7.864197530864197594e-01 7.876543209876543106e-01 7.876543209876543106e-01 7.901234567901234129e-01 7.901234567901234129e-01 7.938271604938271775e-01 7.962962962962962798e-01 8.000000000000000444e-01 8.074074074074074625e-01 8.172839506172839830e-01 8.271604938271605034e-01 8.197530864197530853e-01 8.000000000000000444e-01 7.728395061728394744e-01 7.543209876543209846e-01 7.506172839506173311e-01 2.987654320987654377e-01 0.000000000000000000e+00 0.000000000000000000e+00 0.000000000000000000e+00 0.000000000000000000e+00 0.000000000000000000e+00 0.000000000000000000e+00 0.000000000000000000e+00 0.000000000000000000e+00 8.358208955223880299e-01 7.238805970149253532e-01 6.542288557213929989e-01 6.393034825870647087e-01 6.318407960199005080e-01 6.169154228855721067e-01 6.218905472636815368e-01 6.442786069651741387e-01 6.766169154228856009e-01 6.990049751243780918e-01 6.393034825870647087e-01 6.218905472636815368e-01 6.293532338308457375e-01 6.343283582089552786e-01 6.542288557213929989e-01 6.592039800995025400e-01 6.442786069651741387e-01 6.343283582089552786e-01 6.343283582089552786e-01 6.492537313432835688e-01 6.592039800995025400e-01 6.592039800995025400e-01 6.592039800995025400e-01 6.691542288557214002e-01 6.840796019900498015e-01 6.840796019900498015e-01 6.791044776119402604e-01 6.641791044776119701e-01 6.592039800995025400e-01 6.666666666666666297e-01 6.716417910447761708e-01 6.716417910447761708e-01 6.641791044776119701e-01 6.592039800995025400e-01 6.666666666666666297e-01 6.815920398009950310e-01 6.865671641791044610e-01 6.965174129353234322e-01 7.039800995024875219e-01 6.965174129353234322e-01 7.039800995024875219e-01 7.064676616915422924e-01 7.039800995024875219e-01 2.786069651741293618e-01 0.000000000000000000e+00 0.000000000000000000e+00 0.000000000000000000e+00 0.000000000000000000e+00 0.000000000000000000e+00 0.000000000000000000e+00 0.000000000000000000e+00 0.000000000000000000e+00 2.709536133784590795e-01 5.136372685646027891e-01 6.356758909018515036e-01 5.661955006967946957e-01 3.436193509854668093e-01 4.210631096954011721e-01 6.012343221182560038e-01 7.334262392992234592e-01 8.480987457694604270e-01 8.482978299820824741e-01 3.444156878359546092e-01 4.523193310770455833e-01 5.735616165638065533e-01 6.103921958988652863e-01 6.430420067688632502e-01 6.593669122038622321e-01 6.711128807485566838e-01 6.906231335855066433e-01 7.284491339836750567e-01 7.362134182759306755e-01 4.383834361935098345e-01 3.828389408719888864e-01 5.994425642046585789e-01 6.635476806689230012e-01 6.697192912602030201e-01 7.071471232331275614e-01 7.603026080031852763e-01 7.953414294246465843e-01 8.094764085208043802e-01 7.867808082819032212e-01 7.814055345411108355e-01 7.905634083217201180e-01 8.021102926537925226e-01 8.066892295440971639e-01 7.911606609595858153e-01 7.877762293450129016e-01 7.903643241090981819e-01 7.997212821023292895e-01 8.188333665140354878e-01 8.377463667131196390e-01 8.829384829782997990e-01 8.922954409715309065e-01 8.873183356559823931e-01 3.024089189727254823e-01 0.000000000000000000e+00 0.000000000000000000e+00 0.000000000000000000e+00 0.000000000000000000e+00 0.000000000000000000e+00 0.000000000000000000e+00 0.000000000000000000e+00 0.000000000000000000e+00
1.118741058655221832e-02 2.921316165951359095e-02 1.563090128755364738e-01 2.699856938483548019e-01 2.664949928469241835e-01 2.175965665236051505e-01 1.955078683834048647e-01 1.783404864091559239e-01 1.254649499284692382e-01 5.133047210300429458e-02 3.169384835479256424e-01 3.673533619456366695e-01 3.454649499284692671e-01 3.711874105865521911e-01 4.177396280400572093e-01 4.216022889842632182e-01 4.090414878397710674e-01 4.449785407725321829e-01 5.011444921316166035e-01 5.108440629470673011e-01 5.298998569384835156e-01 5.781974248927038706e-01 6.086981402002861197e-01 5.888984263233190131e-01 5.421173104434907630e-01 5.463233190271816753e-01 6.255507868383405334e-01 7.189413447782545541e-01 7.551359084406293887e-01 7.374535050071531206e-01 7.150786838340486007e-01 7.345922746781116119e-01 7.895565092989985656e-01 8.270386266094420513e-01 8.130185979971387145e-01 7.819170243204578430e-01 7.451788268955651384e-01 7.081545064377682275e-01 6.615450643776823458e-01 6.149642346208870070e-01 2.579113018597997131e-01 0.000000000000000000e+00 0.000000000000000000e+00 0.000000000000000000e+00 0.000000000000000000e+00 0.000000000000000000e+00 0.000000000000000000e+00 0.000000000000000000e+00 0.000000000000000000e+00 0.000000000000000000e+00 0.000000000000000000e+00 0.000000000000000000e+00 7.233278621255642138e-01 7.214471344549309162e-01 7.698331281630420575e-01 8.318287511968266434e-01 8.244084256599644167e-01 7.593694433046094261e-01 6.278894816030639037e-01 4.113322390917795168e-01 2.213103542607030572e-01 1.856449186157844156e-01 3.766242648064560550e-01 3.719053481055942800e-01 2.903501572972233546e-01 2.655929421419778724e-01 3.459171112022979000e-01 4.230611407468198859e-01 4.223088496785665225e-01 4.081862946245383705e-01 4.031254274381069758e-01 3.511831486800711111e-01 3.093626042948980914e-01 3.392832717822459321e-01 4.150936944330461120e-01 4.353371631787716911e-01 3.818561072356722597e-01 3.142183011899876699e-01 3.155177130351525250e-01 3.916700861715223803e-01 4.468608945424702439e-01 4.184106141430720127e-01 3.204418000273560607e-01 2.733552181644097745e-01 3.517986595540965600e-01 4.325331691971002757e-01 4.280194227875803725e-01 3.536793872247298576e-01 1.969292846395841734e-01 4.554780467788263620e-02 5.847353303241690885e-03 5.628504992477088853e-02 4.886472438790863404e-02 0.000000000000000000e+00 0.000000000000000000e+00 0.000000000000000000e+00 0.000000000000000000e+00 0.000000000000000000e+00 0.000000000000000000e+00 0.000000000000000000e+00 0.000000000000000000e+00 0.000000000000000000e+00 0.000000000000000000e+00 0.000000000000000000e+00 8.481481481481480955e-01 8.567901234567901758e-01 8.481481481481480955e-01 8.481481481481480955e-01 8.617283950617283805e-01 8.654320987654321451e-01 8.555555555555555136e-01 8.259259259259259522e-01 7.864197530864197594e-01 7.444444444444444642e-01 7.703703703703703720e-01 7.716049382716049232e-01 7.629629629629629539e-01 7.654320987654320563e-01 7.740740740740740256e-01 7.777777777777777901e-01 7.851851851851852082e-01 7.901234567901234129e-01 7.864197530864197594e-01 7.790123456790123413e-01 7.851851851851852082e-01 7.950617283950617287e-01 8.024691358024691468e-01 8.135802469135802184e-01 8.246913580246914011e-01 8.209876543209876365e-01 8.086419753086420137e-01 8.061728395061728003e-01 8.234567901234567389e-01 8.444444444444444420e-01 8.567901234567901758e-01 8.543209876543209624e-01 8.407407407407407884e-01 8.345679012345679215e-01 8.358024691358024727e-01 8.395061728395061262e-01 8.333333333333333703e-01 8.148148148148147696e-01 7.925925925925926263e-01 7.728395061728394744e-01 3.061728395061728558e-01 0.000000000000000000e+00 0.000000000000000000e+00 0.000000000000000000e+00 0.000000000000000000e+00 0.000000000000000000e+00 0.000000000000000000e+00 0.000000000000000000e+00 0.000000000000000000e+00 0.000000000000000000e+00 0.000000000000000000e+00 0.000000000000000000e+00 8.184079601990049690e-01 7.064676616915422924e-01 6.616915422885571996e-01 6.567164179104477695e-01 6.467661691542289093e-01 6.318407960199005080e-01 6.343283582089552786e-01 6.517412935323383394e-01 6.865671641791044610e-01 7.114427860696517225e-01 6.442786069651741387e-01 6.343283582089552786e-01 6.492537313432835688e-01 6.592039800995025400e-01 6.716417910447761708e-01 6.716417910447761708e-01 6.716417910447761708e-01 6.716417910447761708e-01 6.641791044776119701e-01 6.691542288557214002e-01 6.716417910447761708e-01 6.666666666666666297e-01 6.716417910447761708e-01 6.716417910447761708e-01 6.691542288557214002e-01 6.592039800995025400e-01 6.716417910447761708e-01 6.791044776119402604e-01 6.890547263681592316e-01 6.840796019900498015e-01 6.940298507462686617e-01 7.039800995024875219e-01 7.089552238805970630e-01 7.064676616915422924e-01 6.840796019900498015e-01 6.840796019900498015e-01 6.865671641791044610e-01 7.064676616915422924e-01 7.164179104477611526e-01 7.164179104477611526e-01 2.835820895522387919e-01 0.000000000000000000e+00 0.000000000000000000e+00 0.000000000000000000e+00 0.000000000000000000e+00 0.000000000000000000e+00 0.000000000000000000e+00 0.000000000000000000e+00 0.000000000000000000e+00 0.000000000000000000e+00 0.000000000000000000e+00 0.000000000000000000e+00 3.750746565797332122e-01 5.120445948636273004e-01 6.032251642444753648e-01 5.849094166832570219e-01 3.599442564204658468e-01 4.572964363925940412e-01 6.428429225562412030e-01 8.011148715906828421e-01 8.922954409715309065e-01 8.701970933704957778e-01 3.338642245669918296e-01 5.518614373880150747e-01 6.639458490941667623e-01 6.882341230340434102e-01 6.922158072864821321e-01 7.236711128807485904e-01 7.501493131594664243e-01 7.513438184351980409e-01 5.970535536531952348e-01 5.190125423053951748e-01 6.074059327095361338e-01 6.571769858650209351e-01 6.597650806291061043e-01 6.838542703563607050e-01 7.415886920167230612e-01 7.750348397372088805e-01 7.893689030459883904e-01 7.322317340234919536e-01 7.238701970933705265e-01 7.497511447342225521e-01 7.601035237905634512e-01 7.668723870197092785e-01 7.565200079633684904e-01 7.539319131992832101e-01 7.589090185148317236e-01 7.752339239498307055e-01 7.941469241489149677e-01 8.126617559227552468e-01 8.194306191519012961e-01 8.214214612781206570e-01 2.815050766474218591e-01 0.000000000000000000e+00 0.000000000000000000e+00 0.000000000000000000e+00 0.000000000000000000e+00 0.000000000000000000e+00 0.000000000000000000e+00 0.000000000000000000e+00 0.000000000000000000e+00 0.000000000000000000e+00 0.000000000000000000e+00 0.000000000000000000e+00
